You entered a buffer length of 20
0.016053, 1.027223, -0.620949, 0.000803, 0.051361, -0.031047, 0.000000, 0.016053, 0.000000, 1.027223, -0.620949, 0.000000
0.025819, 1.017579, -0.609839, 0.002094, 0.102240, -0.061539, 0.000000, 0.025819, 0.000000, 1.027223, -0.620949, 0.000000
0.038393, 1.004273, -0.594946, 0.004013, 0.152454, -0.091287, 0.000000, 0.038393, 0.000000, 1.027223, -0.620949, 0.000000
0.045352, 0.990112, -0.583715, 0.006281, 0.201959, -0.120472, 0.000000, 0.045352, 0.000000, 1.027223, -0.620949, 0.000000
0.050113, 0.973509, -0.576024, 0.008786, 0.250635, -0.149274, 0.000000, 0.050113, 0.000000, 1.027223, -0.620949, 0.000000
0.054996, 0.948483, -0.557956, 0.011536, 0.298059, -0.177171, 0.000000, 0.054996, 0.000000, 1.027223, -0.620949, 0.000000
0.058780, 0.921992, -0.540866, 0.014475, 0.344159, -0.204215, 0.000000, 0.058780, 0.000000, 1.027223, -0.620949, 0.000000
0.063786, 0.902948, -0.529268, 0.017665, 0.389306, -0.230678, 0.000000, 0.063786, 0.000000, 1.027223, -0.620949, 0.000000
0.067692, 0.875481, -0.519502, 0.021049, 0.433080, -0.256653, 0.000000, 0.067692, 0.000000, 1.027223, -0.620949, 0.000000
0.063175, 0.844961, -0.511811, 0.024208, 0.475328, -0.282244, 0.000000, 0.067692, 0.000000, 1.027223, -0.620949, 0.000000
0.059635, 0.819325, -0.497650, 0.027190, 0.516294, -0.307126, 0.000000, 0.067692, 0.000000, 1.027223, -0.620949, 0.000000
0.059391, 0.792468, -0.487884, 0.030159, 0.555918, -0.331520, 0.000000, 0.067692, 0.000000, 1.027223, -0.620949, 0.000000
0.062809, 0.769151, -0.481658, 0.033300, 0.594375, -0.355603, 0.000000, 0.067692, 0.000000, 1.027223, -0.620949, 0.000000
0.062809, 0.750473, -0.471892, 0.036440, 0.631899, -0.379198, 0.000000, 0.067692, 0.000000, 1.027223, -0.620949, 0.000000
0.066960, 0.748031, -0.465421, 0.039788, 0.669300, -0.402469, 0.000000, 0.067692, 0.000000, 1.027223, -0.620949, 0.000000
0.072453, 0.760239, -0.452481, 0.043411, 0.707312, -0.425093, 0.000000, 0.072453, 0.000000, 1.027223, -0.620949, 0.000000
0.085882, 0.764390, -0.470793, 0.047705, 0.745532, -0.448633, 0.000000, 0.085882, 0.000000, 1.027223, -0.620949, 0.000000
0.085271, 0.778429, -0.481780, 0.051968, 0.784453, -0.472722, 0.000000, 0.085882, 0.000000, 1.027223, -0.620949, 0.000000
0.074895, 0.801013, -0.466520, 0.055713, 0.824504, -0.496048, 0.000000, 0.085882, 0.000000, 1.027223, -0.620949, 0.000000
0.060367, 0.817372, -0.436611, 0.058732, 0.865373, -0.517878, 0.016053, 0.085882, 0.748031, 1.027223, -0.620949, -0.436611
0.040103, 0.834340, -0.409144, 0.059934, 0.855728, -0.507288, 0.025819, 0.085882, 0.748031, 1.017579, -0.609839, -0.409144
-0.006531, 0.903681, -0.200024, 0.058317, 0.850034, -0.486797, -0.006531, 0.085882, 0.748031, 1.004273, -0.594946, -0.200024
-0.011170, 0.949826, -0.180248, 0.055838, 0.847311, -0.466062, -0.011170, 0.085882, 0.748031, 0.990112, -0.583715, -0.180248
0.086370, 0.887444, -0.257157, 0.057889, 0.842178, -0.449735, -0.011170, 0.086370, 0.748031, 0.973509, -0.576024, -0.180248
0.075505, 0.960081, -0.241775, 0.059159, 0.841506, -0.433022, -0.011170, 0.086370, 0.748031, 0.960081, -0.557956, -0.180248
0.007386, 1.043338, -0.027651, 0.056778, 0.846249, -0.406507, -0.011170, 0.086370, 0.748031, 1.043338, -0.540866, -0.027651
-0.099066, 0.997681, 0.119697, 0.048886, 0.850034, -0.373479, -0.099066, 0.086370, 0.748031, 1.043338, -0.529268, 0.119697
-0.140084, 0.948483, 0.202344, 0.038693, 0.852310, -0.336898, -0.140084, 0.086370, 0.748031, 1.043338, -0.519502, 0.202344
-0.186474, 0.808338, 0.289141, 0.025984, 0.848953, -0.296466, -0.186474, 0.086370, 0.748031, 1.043338, -0.511811, 0.289141
-0.109321, 0.827870, 0.210645, 0.017359, 0.848099, -0.260343, -0.186474, 0.086370, 0.748031, 1.043338, -0.497650, 0.289141
-0.089666, 0.893792, 0.102118, 0.009894, 0.851822, -0.230355, -0.186474, 0.086370, 0.748031, 1.043338, -0.487884, 0.289141
-0.145944, 0.891229, 0.178295, -0.000372, 0.856760, -0.197046, -0.186474, 0.086370, 0.748031, 1.043338, -0.481780, 0.289141
-0.184276, 0.922114, 0.267289, -0.012727, 0.864408, -0.159598, -0.186474, 0.086370, 0.748031, 1.043338, -0.481780, 0.289141
-0.046573, 0.902582, 0.244339, -0.018196, 0.872014, -0.123787, -0.186474, 0.086370, 0.748031, 1.043338, -0.481780, 0.289141
-0.089910, 0.793566, 0.128365, -0.026039, 0.874290, -0.094098, -0.186474, 0.086370, 0.760239, 1.043338, -0.481780, 0.289141
-0.079167, 0.820668, -0.017762, -0.033620, 0.877312, -0.072362, -0.186474, 0.086370, 0.764390, 1.043338, -0.481780, 0.289141
-0.215650, 0.905146, 0.171947, -0.048697, 0.884350, -0.040225, -0.215650, 0.086370, 0.778429, 1.043338, -0.481780, 0.289141
-0.133492, 0.943600, 0.207837, -0.059635, 0.892608, -0.005744, -0.215650, 0.086370, 0.793566, 1.043338, -0.466520, 0.289141
-0.119331, 0.802722, 0.188671, -0.069346, 0.892694, 0.027016, -0.215650, 0.086370, 0.793566, 1.043338, -0.436611, 0.289141
-0.138375, 0.729354, 0.236648, -0.079283, 0.888293, 0.060679, -0.215650, 0.086370, 0.729354, 1.043338, -0.409144, 0.289141
-0.096258, 0.821522, 0.247024, -0.086101, 0.887652, 0.093487, -0.215650, 0.086370, 0.729354, 1.043338, -0.257157, 0.289141
-0.050601, 1.011353, 0.272294, -0.088305, 0.893035, 0.117103, -0.215650, 0.086370, 0.729354, 1.043338, -0.257157, 0.289141
-0.087225, 1.009156, 0.285235, -0.092108, 0.896002, 0.140377, -0.215650, 0.086370, 0.729354, 1.043338, -0.257157, 0.289141
-0.077092, 0.929561, 0.256302, -0.100281, 0.898108, 0.166050, -0.215650, 0.075505, 0.729354, 1.043338, -0.241775, 0.289141
-0.097479, 0.919062, 0.254959, -0.108930, 0.896057, 0.190887, -0.215650, 0.007386, 0.729354, 1.043338, -0.027651, 0.289141
-0.076970, 0.925655, 0.224562, -0.113148, 0.890173, 0.203497, -0.215650, -0.046573, 0.729354, 1.011353, -0.017762, 0.289141
-0.056461, 0.980468, 0.274736, -0.111017, 0.889312, 0.211249, -0.215650, -0.046573, 0.729354, 1.011353, -0.017762, 0.289141
-0.022279, 1.022218, 0.250320, -0.105127, 0.892999, 0.213648, -0.215650, -0.022279, 0.729354, 1.022218, -0.017762, 0.289141
-0.040713, 1.015870, 0.243118, -0.097839, 0.903375, 0.211347, -0.215650, -0.022279, 0.729354, 1.022218, -0.017762, 0.285235
-0.043887, 0.970091, 0.256913, -0.094567, 0.910486, 0.213661, -0.215650, -0.022279, 0.729354, 1.022218, -0.017762, 0.285235
-0.070622, 0.936886, 0.298907, -0.093615, 0.912641, 0.223500, -0.215650, -0.022279, 0.729354, 1.022218, -0.017762, 0.298907
-0.069890, 0.960203, 0.306965, -0.089813, 0.916090, 0.229933, -0.215650, -0.022279, 0.729354, 1.022218, -0.017762, 0.306965
-0.000427, 1.008790, 0.254715, -0.080620, 0.920424, 0.229305, -0.215650, -0.000427, 0.729354, 1.022218, -0.017762, 0.306965
0.001160, 1.070683, 0.291461, -0.078233, 0.928829, 0.231661, -0.215650, 0.001160, 0.729354, 1.070683, -0.017762, 0.306965
0.034853, 1.087774, 0.250198, -0.071995, 0.943539, 0.237752, -0.215650, 0.034853, 0.729354, 1.087774, -0.017762, 0.306965
0.035830, 1.078862, 0.238235, -0.066245, 0.956449, 0.250552, -0.215650, 0.035830, 0.729354, 1.087774, 0.171947, 0.306965
0.018006, 1.052615, 0.201245, -0.054563, 0.963822, 0.252017, -0.138375, 0.035830, 0.729354, 1.087774, 0.188671, 0.306965
0.023500, 1.056766, 0.194287, -0.046713, 0.969481, 0.251340, -0.138375, 0.035830, 0.729354, 1.087774, 0.188671, 0.306965
0.044742, 1.042605, 0.158274, -0.038509, 0.981475, 0.249820, -0.138375, 0.044742, 0.729354, 1.087774, 0.158274, 0.306965
0.084417, 0.978026, 0.156321, -0.027370, 0.993908, 0.245804, -0.097479, 0.084417, 0.821522, 1.087774, 0.156321, 0.306965
0.101019, 0.974974, 0.166331, -0.017506, 1.001581, 0.241769, -0.097479, 0.101019, 0.919062, 1.087774, 0.156321, 0.306965
0.079412, 0.999756, 0.164744, -0.011005, 1.001001, 0.236391, -0.097479, 0.101019, 0.919062, 1.087774, 0.156321, 0.306965
0.081731, 0.972166, 0.112250, -0.002557, 0.999152, 0.227742, -0.097479, 0.101019, 0.919062, 1.087774, 0.112250, 0.306965
0.057071, 0.952145, 0.124336, 0.004151, 1.000281, 0.221144, -0.097479, 0.101019, 0.919062, 1.087774, 0.112250, 0.306965
0.055606, 0.938717, 0.120186, 0.011805, 1.001263, 0.214405, -0.076970, 0.101019, 0.925655, 1.087774, 0.112250, 0.306965
0.065006, 0.924678, 0.111396, 0.018904, 1.001215, 0.208747, -0.070622, 0.101019, 0.924678, 1.087774, 0.111396, 0.306965
0.075871, 0.933223, 0.096258, 0.025520, 0.998852, 0.199823, -0.070622, 0.101019, 0.924678, 1.087774, 0.096258, 0.306965
0.061222, 0.962766, 0.085027, 0.029695, 0.995880, 0.191558, -0.070622, 0.101019, 0.924678, 1.087774, 0.085027, 0.306965
0.058414, 0.973631, 0.104926, 0.034652, 0.993768, 0.184649, -0.070622, 0.101019, 0.924678, 1.087774, 0.085027, 0.306965
0.077458, 0.980834, 0.108344, 0.040719, 0.994305, 0.177220, -0.070622, 0.101019, 0.924678, 1.087774, 0.085027, 0.306965
0.084295, 0.976439, 0.090154, 0.048465, 0.996283, 0.166783, -0.069890, 0.101019, 0.924678, 1.087774, 0.085027, 0.306965
0.066593, 0.976439, 0.098578, 0.055289, 0.997094, 0.156363, -0.000427, 0.101019, 0.924678, 1.087774, 0.085027, 0.291461
0.039858, 0.960935, 0.101630, 0.057303, 0.994702, 0.148709, 0.001160, 0.101019, 0.924678, 1.087774, 0.085027, 0.291461
0.047916, 0.967039, 0.100897, 0.059641, 0.989519, 0.139181, 0.018006, 0.101019, 0.924678, 1.087774, 0.085027, 0.250198
0.063664, 0.968504, 0.097357, 0.061082, 0.983556, 0.131539, 0.018006, 0.101019, 0.924678, 1.078862, 0.085027, 0.238235
0.069767, 0.975218, 0.099554, 0.062778, 0.978374, 0.124605, 0.018006, 0.101019, 0.924678, 1.056766, 0.085027, 0.201245
0.059147, 0.973265, 0.115302, 0.064835, 0.974406, 0.120308, 0.023500, 0.101019, 0.924678, 1.056766, 0.085027, 0.194287
0.043032, 1.009522, 0.120430, 0.065812, 0.972044, 0.116615, 0.039858, 0.101019, 0.924678, 1.042605, 0.085027, 0.166331
0.035830, 1.011109, 0.118599, 0.065366, 0.970469, 0.114631, 0.035830, 0.101019, 0.924678, 1.011109, 0.085027, 0.166331
0.043154, 1.009156, 0.141061, 0.063303, 0.972026, 0.113868, 0.035830, 0.101019, 0.924678, 1.011109, 0.085027, 0.166331
0.055362, 1.011353, 0.169749, 0.061020, 0.973845, 0.114039, 0.035830, 0.084295, 0.924678, 1.011353, 0.085027, 0.169749
0.057560, 1.004395, 0.180492, 0.059928, 0.974077, 0.114826, 0.035830, 0.084295, 0.924678, 1.011353, 0.085027, 0.180492
0.053043, 0.969847, 0.160959, 0.058493, 0.973961, 0.117262, 0.035830, 0.084295, 0.924678, 1.011353, 0.085027, 0.180492
0.038638, 0.936886, 0.151560, 0.057572, 0.973198, 0.118623, 0.035830, 0.084295, 0.924678, 1.011353, 0.085027, 0.180492
0.034975, 0.942013, 0.164866, 0.056540, 0.973363, 0.120857, 0.034975, 0.084295, 0.924678, 1.011353, 0.085027, 0.180492
0.056461, 0.981200, 0.183178, 0.056113, 0.976189, 0.124446, 0.034975, 0.084295, 0.933223, 1.011353, 0.085027, 0.183178
0.053653, 0.954221, 0.143747, 0.055002, 0.977239, 0.126820, 0.034975, 0.084295, 0.936886, 1.011353, 0.085027, 0.183178
0.093451, 0.940182, 0.066471, 0.056614, 0.976109, 0.125893, 0.034975, 0.093451, 0.936886, 1.011353, 0.066471, 0.183178
0.076970, 0.905390, 0.066838, 0.057541, 0.972697, 0.123988, 0.034975, 0.093451, 0.905390, 1.011353, 0.066471, 0.183178
0.049014, 0.889764, 0.143136, 0.056119, 0.968144, 0.125728, 0.034975, 0.093451, 0.889764, 1.011353, 0.066471, 0.183178
0.038149, 0.873527, 0.124825, 0.053812, 0.962998, 0.127461, 0.034975, 0.093451, 0.873527, 1.011353, 0.066471, 0.183178
0.079412, 0.871940, 0.081609, 0.054453, 0.957773, 0.126613, 0.034975, 0.093451, 0.871940, 1.011353, 0.066471, 0.183178
0.111640, 0.872307, 0.066471, 0.058042, 0.953342, 0.124855, 0.034975, 0.111640, 0.871940, 1.011353, 0.066471, 0.183178
0.140939, 0.974852, 0.107245, 0.062693, 0.953733, 0.125172, 0.034975, 0.140939, 0.871940, 1.011353, 0.066471, 0.183178
0.132882, 1.021119, 0.109443, 0.066154, 0.956363, 0.125777, 0.034975, 0.140939, 0.871940, 1.021119, 0.066471, 0.183178
0.111274, 1.024538, 0.084539, 0.068229, 0.958829, 0.125026, 0.034975, 0.140939, 0.871940, 1.024538, 0.066471, 0.183178
0.085271, 1.036379, 0.038882, 0.069536, 0.961985, 0.121205, 0.034975, 0.140939, 0.871940, 1.036379, 0.038882, 0.183178
0.074284, 1.016725, 0.082708, 0.071098, 0.962345, 0.119319, 0.034975, 0.140939, 0.871940, 1.036379, 0.038882, 0.183178
0.065373, 0.997436, 0.128853, 0.072575, 0.961661, 0.119832, 0.034975, 0.140939, 0.871940, 1.036379, 0.038882, 0.183178
0.064518, 0.989379, 0.123237, 0.073643, 0.960673, 0.118940, 0.034975, 0.140939, 0.871940, 1.036379, 0.038882, 0.183178
0.092962, 0.967527, 0.054508, 0.075523, 0.958481, 0.113178, 0.034975, 0.140939, 0.871940, 1.036379, 0.038882, 0.183178
0.099554, 0.954343, 0.059635, 0.077623, 0.955979, 0.107135, 0.034975, 0.140939, 0.871940, 1.036379, 0.038882, 0.183178
0.085393, 0.995483, 0.100653, 0.079241, 0.957261, 0.104120, 0.034975, 0.140939, 0.871940, 1.036379, 0.038882, 0.183178
0.080876, 1.038332, 0.138741, 0.081353, 0.962333, 0.103479, 0.034975, 0.140939, 0.871940, 1.038332, 0.038882, 0.183178
0.086736, 1.042971, 0.078801, 0.083941, 0.967381, 0.099176, 0.038149, 0.140939, 0.871940, 1.042971, 0.038882, 0.183178
0.072087, 0.964231, 0.051334, 0.084722, 0.966532, 0.092584, 0.038149, 0.140939, 0.871940, 1.042971, 0.038882, 0.143747
0.049258, 0.946286, 0.087347, 0.084502, 0.966136, 0.089764, 0.038149, 0.140939, 0.871940, 1.042971, 0.038882, 0.143136
0.002991, 0.957273, 0.134957, 0.079979, 0.966990, 0.093188, 0.002991, 0.140939, 0.871940, 1.042971, 0.038882, 0.143136
-0.000549, 0.985229, 0.146066, 0.076103, 0.970982, 0.097149, -0.000549, 0.140939, 0.871940, 1.042971, 0.038882, 0.146066
0.040591, 1.016358, 0.102362, 0.075682, 0.977312, 0.095111, -0.000549, 0.140939, 0.871940, 1.042971, 0.038882, 0.146066
0.056217, 1.009888, 0.047549, 0.076585, 0.984130, 0.091247, -0.000549, 0.140939, 0.871940, 1.042971, 0.038882, 0.146066
0.032167, 0.977171, 0.086614, 0.074223, 0.989391, 0.091497, -0.000549, 0.140939, 0.872307, 1.042971, 0.038882, 0.146066
-0.003601, 0.933223, 0.098578, 0.068461, 0.992437, 0.093103, -0.003601, 0.140939, 0.933223, 1.042971, 0.038882, 0.146066
0.004456, 0.944943, 0.098700, 0.061637, 0.990942, 0.092675, -0.003601, 0.132882, 0.933223, 1.042971, 0.038882, 0.146066
0.044986, 0.949216, 0.051090, 0.057242, 0.987347, 0.089758, -0.003601, 0.111274, 0.933223, 1.042971, 0.038882, 0.146066
0.060856, 0.927974, 0.021181, 0.054721, 0.982518, 0.086590, -0.003601, 0.099554, 0.927974, 1.042971, 0.021181, 0.146066
0.035952, 0.913691, 0.054630, 0.052255, 0.976384, 0.087377, -0.003601, 0.099554, 0.913691, 1.042971, 0.021181, 0.146066
-0.001404, 0.878166, 0.123726, 0.048471, 0.969456, 0.089428, -0.003601, 0.099554, 0.878166, 1.042971, 0.021181, 0.146066
-0.009095, 0.914057, 0.112739, 0.044748, 0.965287, 0.088622, -0.009095, 0.099554, 0.878166, 1.042971, 0.021181, 0.146066
0.005310, 0.933712, 0.055362, 0.041787, 0.962504, 0.085229, -0.009095, 0.099554, 0.878166, 1.042971, 0.021181, 0.146066
0.065006, 0.971434, -0.034243, 0.040389, 0.962699, 0.080791, -0.009095, 0.099554, 0.878166, 1.042971, -0.034243, 0.146066
0.042056, 0.955564, 0.003723, 0.037514, 0.962760, 0.077996, -0.009095, 0.086736, 0.878166, 1.042971, -0.034243, 0.146066
0.089056, 0.986816, 0.051334, 0.037698, 0.962327, 0.075530, -0.009095, 0.089056, 0.878166, 1.042971, -0.034243, 0.146066
0.143747, 0.999756, 0.077336, 0.040841, 0.960398, 0.072459, -0.009095, 0.143747, 0.878166, 1.042971, -0.034243, 0.146066
0.161814, 1.007691, 0.029848, 0.044595, 0.958634, 0.070012, -0.009095, 0.161814, 0.878166, 1.016358, -0.034243, 0.146066
0.104682, 1.005738, 0.027040, 0.046225, 0.960709, 0.068797, -0.009095, 0.161814, 0.878166, 1.016358, -0.034243, 0.146066
0.037173, 0.924800, 0.031679, 0.045621, 0.959635, 0.066014, -0.009095, 0.161814, 0.878166, 1.016358, -0.034243, 0.146066
0.015687, 0.898309, -0.047916, 0.046255, 0.956687, 0.056870, -0.009095, 0.161814, 0.878166, 1.016358, -0.047916, 0.146066
0.041445, 0.854361, -0.101874, 0.048355, 0.950143, 0.044473, -0.009095, 0.161814, 0.854361, 1.016358, -0.101874, 0.123726
0.110908, 0.848746, -0.151193, 0.051871, 0.941763, 0.031795, -0.009095, 0.161814, 0.848746, 1.009888, -0.151193, 0.123726
0.092596, 0.929317, -0.084295, 0.053690, 0.937734, 0.025203, -0.009095, 0.161814, 0.848746, 1.007691, -0.151193, 0.123726
0.054019, 0.986205, -0.059757, 0.054782, 0.938186, 0.017884, -0.009095, 0.161814, 0.848746, 1.007691, -0.151193, 0.123726
0.065128, 1.014405, -0.038027, 0.058219, 0.942245, 0.011054, -0.009095, 0.161814, 0.848746, 1.014405, -0.151193, 0.123726
0.123115, 0.972410, -0.131783, 0.064152, 0.943618, -0.000470, -0.009095, 0.161814, 0.848746, 1.014405, -0.151193, 0.123726
0.092718, 1.039919, -0.074040, 0.066538, 0.948154, -0.006726, -0.009095, 0.161814, 0.848746, 1.039919, -0.151193, 0.123726
0.096014, 1.014161, -0.038516, 0.068296, 0.952463, -0.009711, -0.009095, 0.161814, 0.848746, 1.039919, -0.151193, 0.123726
0.106513, 1.015260, 0.002258, 0.071824, 0.957541, -0.012330, -0.009095, 0.161814, 0.848746, 1.039919, -0.151193, 0.123726
0.117500, 1.001465, 0.027406, 0.077770, 0.963706, -0.017146, -0.009095, 0.161814, 0.848746, 1.039919, -0.151193, 0.112739
0.109565, 0.984008, 0.064030, 0.083703, 0.967204, -0.019581, 0.005310, 0.161814, 0.848746, 1.039919, -0.151193, 0.077336
0.100409, 0.983764, 0.007630, 0.088458, 0.969706, -0.021968, 0.015687, 0.161814, 0.848746, 1.039919, -0.151193, 0.077336
0.079656, 1.017335, -0.008606, 0.089190, 0.972001, -0.020686, 0.015687, 0.161814, 0.848746, 1.039919, -0.151193, 0.077336
0.065251, 0.972288, 0.039858, 0.090350, 0.972838, -0.018879, 0.015687, 0.161814, 0.848746, 1.039919, -0.151193, 0.077336
0.091741, 0.923701, 0.035708, 0.090484, 0.969682, -0.019661, 0.015687, 0.161814, 0.848746, 1.039919, -0.151193, 0.077336
0.120308, 0.932247, 0.008729, 0.089312, 0.966307, -0.023091, 0.015687, 0.161814, 0.848746, 1.039919, -0.151193, 0.064030
0.122383, 0.961423, -0.014100, 0.087341, 0.963993, -0.025288, 0.015687, 0.123115, 0.848746, 1.039919, -0.151193, 0.064030
0.120308, 0.964842, -0.037905, 0.088122, 0.961948, -0.028536, 0.015687, 0.123115, 0.848746, 1.039919, -0.151193, 0.064030
0.100287, 0.980345, -0.039248, 0.091278, 0.964726, -0.032082, 0.015687, 0.123115, 0.848746, 1.039919, -0.151193, 0.064030
0.117866, 0.956296, -0.048404, 0.096386, 0.967625, -0.032106, 0.041445, 0.123115, 0.848746, 1.039919, -0.151193, 0.064030
0.136056, 0.913569, -0.061710, 0.101117, 0.970585, -0.030098, 0.054019, 0.136056, 0.848746, 1.039919, -0.151193, 0.064030
0.126534, 0.904169, -0.041812, 0.101898, 0.973356, -0.024629, 0.054019, 0.136056, 0.904169, 1.039919, -0.131783, 0.064030
0.116157, 0.936397, -0.038027, 0.103076, 0.973710, -0.022316, 0.054019, 0.136056, 0.904169, 1.039919, -0.131783, 0.064030
0.116889, 0.979247, -0.026674, 0.106220, 0.973363, -0.020662, 0.065128, 0.136056, 0.904169, 1.039919, -0.131783, 0.064030
0.105048, 1.031618, -0.005310, 0.108216, 0.974223, -0.019026, 0.065251, 0.136056, 0.904169, 1.039919, -0.131783, 0.064030
0.094671, 1.029054, -0.016175, 0.106794, 0.977055, -0.013245, 0.065251, 0.136056, 0.904169, 1.039919, -0.074040, 0.064030
0.059147, 1.005738, -0.025331, 0.105115, 0.975346, -0.010810, 0.059147, 0.136056, 0.904169, 1.031618, -0.061710, 0.064030
0.032290, 0.946408, -0.034609, 0.101929, 0.971959, -0.010615, 0.032290, 0.136056, 0.904169, 1.031618, -0.061710, 0.064030
0.018983, 0.913325, -0.028505, 0.097552, 0.966862, -0.012153, 0.018983, 0.136056, 0.904169, 1.031618, -0.061710, 0.064030
0.023378, 0.919917, -0.026064, 0.092846, 0.962785, -0.014826, 0.018983, 0.136056, 0.904169, 1.031618, -0.061710, 0.064030
0.013612, 0.977416, -0.003601, 0.088049, 0.962455, -0.018208, 0.013612, 0.136056, 0.904169, 1.031618, -0.061710, 0.039858
0.050357, 1.026491, -0.016175, 0.085546, 0.964591, -0.019398, 0.013612, 0.136056, 0.904169, 1.031618, -0.061710, 0.039858
0.053043, 1.020021, -0.020326, 0.084215, 0.964726, -0.019984, 0.013612, 0.136056, 0.904169, 1.031618, -0.061710, 0.039858
0.040957, 0.984252, -0.000427, 0.083001, 0.965324, -0.021998, 0.013612, 0.136056, 0.904169, 1.031618, -0.061710, 0.035708
0.035708, 0.942990, -0.006165, 0.080199, 0.966288, -0.024092, 0.013612, 0.136056, 0.904169, 1.031618, -0.061710, 0.008729
0.036318, 0.960203, 0.005066, 0.076000, 0.967686, -0.024275, 0.013612, 0.136056, 0.904169, 1.031618, -0.061710, 0.005066
0.054996, 1.009156, -0.001404, 0.072630, 0.970073, -0.023640, 0.013612, 0.136056, 0.904169, 1.031618, -0.061710, 0.005066
0.044253, 1.031496, 0.021669, 0.068827, 0.973405, -0.020662, 0.013612, 0.136056, 0.904169, 1.031618, -0.061710, 0.021669
0.026918, 1.037112, 0.007386, 0.065159, 0.976244, -0.018330, 0.013612, 0.136056, 0.904169, 1.037112, -0.061710, 0.021669
0.032412, 1.012208, 0.000061, 0.060886, 0.979039, -0.015907, 0.013612, 0.136056, 0.904169, 1.037112, -0.061710, 0.021669
0.054386, 1.022707, -0.036562, 0.056803, 0.984496, -0.014649, 0.013612, 0.126534, 0.904169, 1.037112, -0.041812, 0.021669
0.071110, 1.011475, -0.063908, 0.054032, 0.989862, -0.015754, 0.013612, 0.116889, 0.913325, 1.037112, -0.063908, 0.021669
0.077703, 0.989135, -0.046573, 0.052109, 0.992498, -0.016181, 0.013612, 0.116889, 0.913325, 1.037112, -0.063908, 0.021669
0.066349, 0.977171, -0.049991, 0.049582, 0.992395, -0.017347, 0.013612, 0.105048, 0.913325, 1.037112, -0.063908, 0.021669
0.047549, 0.996582, -0.062443, 0.046707, 0.990643, -0.020204, 0.013612, 0.094671, 0.913325, 1.037112, -0.063908, 0.021669
0.013978, 0.981200, -0.060978, 0.042672, 0.988250, -0.022444, 0.013612, 0.077703, 0.913325, 1.037112, -0.063908, 0.021669
0.019960, 0.959104, -0.050723, 0.040713, 0.985918, -0.023714, 0.013612, 0.077703, 0.913325, 1.037112, -0.063908, 0.021669
0.036806, 0.953977, -0.038516, 0.040939, 0.986297, -0.023909, 0.013612, 0.077703, 0.913325, 1.037112, -0.063908, 0.021669
0.051700, 0.957151, -0.027284, 0.042575, 0.988488, -0.023848, 0.013612, 0.077703, 0.919917, 1.037112, -0.063908, 0.021669
0.054752, 0.959226, -0.011292, 0.044143, 0.990454, -0.023109, 0.013612, 0.077703, 0.942990, 1.037112, -0.063908, 0.021669
0.051700, 0.975829, -0.014588, 0.046048, 0.990374, -0.023659, 0.013978, 0.077703, 0.942990, 1.037112, -0.063908, 0.021669
0.031191, 0.974852, -0.030703, 0.045089, 0.987792, -0.024385, 0.013978, 0.077703, 0.942990, 1.037112, -0.063908, 0.021669
0.024965, 0.960447, -0.053897, 0.043686, 0.984814, -0.026064, 0.013978, 0.077703, 0.942990, 1.037112, -0.063908, 0.021669
0.025331, 0.983764, -0.072575, 0.042904, 0.984789, -0.029671, 0.013978, 0.077703, 0.942990, 1.037112, -0.072575, 0.021669
0.039614, 0.993652, -0.080999, 0.043100, 0.987322, -0.033413, 0.013978, 0.077703, 0.953977, 1.037112, -0.080999, 0.021669
0.049625, 0.994140, -0.081975, 0.043765, 0.989019, -0.037765, 0.013978, 0.077703, 0.953977, 1.037112, -0.081975, 0.021669
0.035219, 1.002075, -0.087102, 0.042776, 0.988665, -0.042050, 0.013978, 0.077703, 0.953977, 1.037112, -0.087102, 0.021669
0.024721, 1.003052, -0.083928, 0.041799, 0.987243, -0.047329, 0.013978, 0.077703, 0.953977, 1.037112, -0.087102, 0.007386
0.018983, 1.008790, -0.094183, 0.041403, 0.985827, -0.052408, 0.013978, 0.077703, 0.953977, 1.022707, -0.094183, 0.000061
0.031069, 0.996338, -0.102118, 0.041336, 0.985033, -0.057517, 0.013978, 0.077703, 0.953977, 1.022707, -0.102118, -0.011292
0.055606, 0.988158, -0.128487, 0.041397, 0.983306, -0.062113, 0.013978, 0.077703, 0.953977, 1.011475, -0.128487, -0.011292
0.077458, 0.988158, -0.127876, 0.041714, 0.982140, -0.065312, 0.013978, 0.077703, 0.953977, 1.008790, -0.128487, -0.011292
0.055362, 1.036013, -0.084539, 0.040597, 0.984484, -0.067210, 0.013978, 0.077458, 0.953977, 1.036013, -0.128487, -0.011292
0.008484, 1.004029, -0.084539, 0.037704, 0.985827, -0.068937, 0.008484, 0.077458, 0.953977, 1.036013, -0.128487, -0.011292
0.010560, 0.953000, -0.041201, 0.035854, 0.983648, -0.067875, 0.008484, 0.077458, 0.953000, 1.036013, -0.128487, -0.011292
0.100653, 0.984130, -0.002380, 0.040188, 0.983794, -0.064945, 0.008484, 0.100653, 0.953000, 1.036013, -0.128487, -0.002380
0.131539, 0.985717, -0.028505, 0.045767, 0.985125, -0.063834, 0.008484, 0.131539, 0.953000, 1.036013, -0.128487, -0.002380
0.146310, 1.061161, -0.032656, 0.051242, 0.990484, -0.063541, 0.008484, 0.146310, 0.953000, 1.061161, -0.128487, -0.002380
0.095892, 1.106696, 0.007508, 0.053452, 0.997961, -0.061802, 0.008484, 0.146310, 0.953000, 1.106696, -0.128487, 0.007508
0.091253, 0.985839, -0.040591, 0.055277, 0.999292, -0.063267, 0.008484, 0.146310, 0.953000, 1.106696, -0.128487, 0.007508
0.059269, 0.843252, -0.118232, 0.055655, 0.992663, -0.068449, 0.008484, 0.146310, 0.843252, 1.106696, -0.128487, 0.007508
0.031923, 0.778063, -0.120430, 0.055692, 0.982824, -0.072935, 0.008484, 0.146310, 0.778063, 1.106696, -0.128487, 0.007508
0.107367, 0.805652, -0.090643, 0.059812, 0.975084, -0.074773, 0.008484, 0.146310, 0.778063, 1.106696, -0.128487, 0.007508
0.136788, 0.866813, -0.001038, 0.065385, 0.969236, -0.071196, 0.008484, 0.146310, 0.778063, 1.106696, -0.128487, 0.007508
0.166453, 0.929805, 0.020936, 0.071727, 0.966044, -0.066099, 0.008484, 0.166453, 0.778063, 1.106696, -0.128487, 0.020936
0.140695, 0.911250, 0.009827, 0.076280, 0.961900, -0.061509, 0.008484, 0.166453, 0.778063, 1.106696, -0.128487, 0.020936
0.101141, 0.977660, 0.017152, 0.079576, 0.960679, -0.056296, 0.008484, 0.166453, 0.778063, 1.106696, -0.128487, 0.020936
-0.020204, 1.038088, 0.084417, 0.077330, 0.962431, -0.047879, -0.020204, 0.166453, 0.778063, 1.106696, -0.128487, 0.084417
0.106025, 0.971556, 0.141549, 0.081682, 0.960569, -0.036092, -0.020204, 0.166453, 0.778063, 1.106696, -0.128487, 0.141549
0.133248, 0.974486, 0.101996, 0.086791, 0.959476, -0.025887, -0.020204, 0.166453, 0.778063, 1.106696, -0.128487, 0.141549
0.114814, 0.914301, 0.129219, 0.089751, 0.955783, -0.013001, -0.020204, 0.166453, 0.778063, 1.106696, -0.127876, 0.141549
0.118599, 0.903314, 0.163279, 0.091809, 0.951541, 0.001556, -0.020204, 0.166453, 0.778063, 1.106696, -0.120430, 0.163279
0.094549, 0.932003, 0.216993, 0.093768, 0.946341, 0.016633, -0.020204, 0.166453, 0.778063, 1.106696, -0.120430, 0.216993
0.030825, 0.939205, 0.220045, 0.094885, 0.943100, 0.031862, -0.020204, 0.166453, 0.778063, 1.106696, -0.120430, 0.220045
-0.003235, 0.931759, 0.231276, 0.094195, 0.942037, 0.045486, -0.020204, 0.166453, 0.778063, 1.106696, -0.120430, 0.231276
-0.020936, 0.911005, 0.214674, 0.088116, 0.938381, 0.056339, -0.020936, 0.166453, 0.778063, 1.106696, -0.120430, 0.231276
0.018129, 0.884270, 0.331746, 0.082445, 0.933309, 0.074351, -0.020936, 0.166453, 0.778063, 1.106696, -0.120430, 0.331746
0.124458, 0.900385, 0.279497, 0.081353, 0.925270, 0.089959, -0.020936, 0.166453, 0.778063, 1.106696, -0.120430, 0.331746
0.130074, 0.912348, 0.294024, 0.083062, 0.915553, 0.104285, -0.020936, 0.166453, 0.778063, 1.038088, -0.120430, 0.331746
0.094916, 0.918208, 0.274980, 0.083245, 0.912171, 0.120063, -0.020936, 0.166453, 0.778063, 1.038088, -0.120430, 0.331746
0.070500, 0.899652, 0.313557, 0.083806, 0.914991, 0.141653, -0.020936, 0.166453, 0.778063, 1.038088, -0.120430, 0.331746
0.049258, 0.847769, 0.317097, 0.084673, 0.918476, 0.163529, -0.020936, 0.166453, 0.805652, 1.038088, -0.090643, 0.331746
0.056949, 0.881707, 0.330648, 0.082152, 0.922279, 0.184594, -0.020936, 0.166453, 0.847769, 1.038088, -0.001038, 0.331746
0.063908, 0.957029, 0.334554, 0.078508, 0.926790, 0.201373, -0.020936, 0.166453, 0.847769, 1.038088, 0.009827, 0.334554
0.049625, 0.931759, 0.383019, 0.072667, 0.926888, 0.219477, -0.020936, 0.140695, 0.847769, 1.038088, 0.009827, 0.383019
0.042178, 0.926509, 0.383629, 0.067741, 0.927651, 0.238168, -0.020936, 0.133248, 0.847769, 1.038088, 0.017152, 0.383629
0.062809, 0.948483, 0.365562, 0.065824, 0.926192, 0.255588, -0.020936, 0.133248, 0.847769, 1.038088, 0.084417, 0.383629
0.093328, 0.977904, 0.310749, 0.071501, 0.923183, 0.266905, -0.020936, 0.133248, 0.847769, 0.977904, 0.101996, 0.383629
0.116035, 1.005127, 0.266313, 0.072002, 0.924861, 0.273143, -0.020936, 0.133248, 0.847769, 1.005127, 0.101996, 0.383629
0.112250, 1.064823, 0.290240, 0.070952, 0.929378, 0.282555, -0.020936, 0.130074, 0.847769, 1.064823, 0.129219, 0.383629
0.080022, 1.077153, 0.229567, 0.069212, 0.937521, 0.287572, -0.020936, 0.130074, 0.847769, 1.077153, 0.163279, 0.383629
0.057560, 1.029299, 0.220167, 0.066160, 0.943820, 0.290417, -0.020936, 0.130074, 0.847769, 1.077153, 0.214674, 0.383629
0.044375, 0.954953, 0.244583, 0.063651, 0.944967, 0.291796, -0.020936, 0.130074, 0.847769, 1.077153, 0.214674, 0.383629
0.060734, 0.921504, 0.231887, 0.065147, 0.944082, 0.292388, -0.020936, 0.130074, 0.847769, 1.077153, 0.214674, 0.383629
0.080388, 0.920161, 0.211500, 0.069328, 0.943502, 0.291400, -0.020936, 0.130074, 0.847769, 1.077153, 0.211500, 0.383629
0.091986, 0.925288, 0.186962, 0.074974, 0.944217, 0.290014, 0.018129, 0.130074, 0.847769, 1.077153, 0.186962, 0.383629
0.092718, 0.930416, 0.193676, 0.078704, 0.946524, 0.283111, 0.042178, 0.130074, 0.847769, 1.077153, 0.186962, 0.383629
0.101264, 0.936642, 0.203443, 0.077544, 0.948337, 0.279308, 0.042178, 0.130074, 0.847769, 1.077153, 0.186962, 0.383629
0.103949, 0.947995, 0.208204, 0.076238, 0.950119, 0.275017, 0.042178, 0.116035, 0.847769, 1.077153, 0.186962, 0.383629
0.115547, 0.953366, 0.197949, 0.077269, 0.951877, 0.271165, 0.042178, 0.116035, 0.847769, 1.077153, 0.186962, 0.383629
0.124580, 0.956662, 0.187817, 0.079973, 0.954727, 0.264878, 0.042178, 0.124580, 0.847769, 1.077153, 0.186962, 0.383629
0.138863, 0.953732, 0.184276, 0.084453, 0.960026, 0.258237, 0.042178, 0.138863, 0.881707, 1.077153, 0.184276, 0.383629
0.137521, 0.938107, 0.198804, 0.088482, 0.962846, 0.251645, 0.042178, 0.138863, 0.920161, 1.077153, 0.184276, 0.383629
0.141061, 0.927242, 0.170726, 0.092340, 0.961356, 0.243454, 0.042178, 0.141061, 0.920161, 1.077153, 0.170726, 0.383629
0.110541, 0.964109, 0.170237, 0.095385, 0.962974, 0.232815, 0.042178, 0.141061, 0.920161, 1.077153, 0.170237, 0.383629
0.111518, 0.989135, 0.175243, 0.098852, 0.966105, 0.222395, 0.044375, 0.141061, 0.920161, 1.077153, 0.170237, 0.365562
0.110786, 1.007569, 0.181224, 0.101251, 0.969059, 0.213178, 0.044375, 0.141061, 0.920161, 1.077153, 0.170237, 0.310749
0.117378, 1.010255, 0.174632, 0.102454, 0.970677, 0.206372, 0.044375, 0.141061, 0.920161, 1.077153, 0.170237, 0.290240
0.118477, 0.972166, 0.181347, 0.102576, 0.969029, 0.202124, 0.044375, 0.141061, 0.920161, 1.077153, 0.170237, 0.290240
0.109321, 0.960569, 0.185009, 0.102429, 0.963816, 0.196863, 0.044375, 0.141061, 0.920161, 1.077153, 0.170237, 0.244583
0.105292, 0.941403, 0.201367, 0.103693, 0.957029, 0.195453, 0.044375, 0.141061, 0.920161, 1.029299, 0.170237, 0.244583
0.090276, 0.958249, 0.187206, 0.105329, 0.953476, 0.193805, 0.044375, 0.141061, 0.920161, 1.010255, 0.170237, 0.244583
0.095404, 0.953977, 0.175975, 0.107880, 0.953427, 0.190374, 0.060734, 0.141061, 0.920161, 1.010255, 0.170237, 0.231887
0.104560, 0.952268, 0.179393, 0.110072, 0.954966, 0.187749, 0.080388, 0.141061, 0.920161, 1.010255, 0.170237, 0.211500
0.113960, 0.955564, 0.190380, 0.111750, 0.956736, 0.186693, 0.090276, 0.141061, 0.925288, 1.010255, 0.170237, 0.208204
0.108954, 0.973143, 0.208204, 0.112599, 0.959128, 0.187756, 0.090276, 0.141061, 0.927242, 1.010255, 0.170237, 0.208204
0.113715, 0.976317, 0.214674, 0.113648, 0.961423, 0.188806, 0.090276, 0.141061, 0.927242, 1.010255, 0.170237, 0.214674
0.112739, 0.966429, 0.204419, 0.114222, 0.962913, 0.188854, 0.090276, 0.141061, 0.927242, 1.010255, 0.170237, 0.214674
0.116157, 0.974120, 0.217359, 0.114833, 0.964219, 0.189312, 0.090276, 0.141061, 0.927242, 1.010255, 0.170237, 0.217359
0.113349, 0.969969, 0.243484, 0.114723, 0.965049, 0.191589, 0.090276, 0.141061, 0.927242, 1.010255, 0.170237, 0.243484
0.089300, 0.960203, 0.232131, 0.112959, 0.965226, 0.193804, 0.089300, 0.141061, 0.927242, 1.010255, 0.170237, 0.243484
0.059391, 0.962888, 0.252884, 0.108985, 0.965684, 0.197235, 0.059391, 0.141061, 0.927242, 1.010255, 0.170237, 0.252884
0.038516, 0.953000, 0.277178, 0.104035, 0.966429, 0.201154, 0.038516, 0.141061, 0.927242, 1.010255, 0.170237, 0.277178
0.011903, 0.953366, 0.304279, 0.097577, 0.967735, 0.207831, 0.011903, 0.118477, 0.941403, 1.010255, 0.170237, 0.304279
0.016664, 0.932003, 0.302692, 0.092883, 0.966130, 0.214454, 0.011903, 0.118477, 0.932003, 1.010255, 0.174632, 0.304279
0.022279, 0.935787, 0.294268, 0.088421, 0.963462, 0.220405, 0.011903, 0.118477, 0.932003, 1.010255, 0.174632, 0.304279
0.012513, 0.962644, 0.324055, 0.083507, 0.961216, 0.227547, 0.011903, 0.118477, 0.932003, 1.010255, 0.174632, 0.324055
-0.018129, 0.990478, 0.351401, 0.076732, 0.960227, 0.236385, -0.018129, 0.118477, 0.932003, 0.990478, 0.175975, 0.351401
-0.028871, 1.017946, 0.345419, 0.069365, 0.962516, 0.244589, -0.028871, 0.116157, 0.932003, 1.017946, 0.175975, 0.351401
-0.010682, 1.010621, 0.302936, 0.063365, 0.965019, 0.250485, -0.028871, 0.116157, 0.932003, 1.017946, 0.175975, 0.351401
-0.026674, 0.919185, 0.286700, 0.056766, 0.963908, 0.254752, -0.028871, 0.116157, 0.919185, 1.017946, 0.175975, 0.351401
-0.073918, 0.890618, 0.321126, 0.048557, 0.960526, 0.261448, -0.073918, 0.116157, 0.890618, 1.017946, 0.175975, 0.351401
-0.110175, 0.847525, 0.339315, 0.038278, 0.955204, 0.269615, -0.110175, 0.116157, 0.847525, 1.017946, 0.179393, 0.351401
-0.110541, 0.850088, 0.340048, 0.027523, 0.950095, 0.277648, -0.110541, 0.116157, 0.847525, 1.017946, 0.190380, 0.351401
-0.055362, 0.841299, 0.265214, 0.019056, 0.944381, 0.281389, -0.110541, 0.116157, 0.841299, 1.017946, 0.204419, 0.351401
-0.019105, 0.838247, 0.219923, 0.012653, 0.937637, 0.281975, -0.110541, 0.116157, 0.838247, 1.017946, 0.204419, 0.351401
-0.009461, 0.846548, 0.260819, 0.006495, 0.931148, 0.284282, -0.110541, 0.116157, 0.838247, 1.017946, 0.204419, 0.351401
0.000061, 0.944332, 0.384850, 0.000861, 0.930043, 0.293304, -0.110541, 0.116157, 0.838247, 1.017946, 0.217359, 0.384850
0.025087, 0.978636, 0.251175, -0.003693, 0.930269, 0.294995, -0.110541, 0.113349, 0.838247, 1.017946, 0.219923, 0.384850
0.040957, 0.989990, 0.111884, -0.007312, 0.931270, 0.288415, -0.110541, 0.089300, 0.838247, 1.017946, 0.111884, 0.384850
0.036806, 1.003784, 0.155588, -0.009937, 0.933449, 0.284588, -0.110541, 0.059391, 0.838247, 1.017946, 0.111884, 0.384850
0.033877, 1.027834, 0.199414, -0.011213, 0.936697, 0.281914, -0.110541, 0.040957, 0.838247, 1.027834, 0.111884, 0.384850
0.025331, 1.009644, 0.271928, -0.011872, 0.939529, 0.281652, -0.110541, 0.040957, 0.838247, 1.027834, 0.111884, 0.384850
0.063053, 0.894525, 0.237746, -0.009315, 0.936587, 0.278325, -0.110541, 0.063053, 0.838247, 1.027834, 0.111884, 0.384850
0.042300, 0.939205, 0.159739, -0.008033, 0.936947, 0.271177, -0.110541, 0.063053, 0.838247, 1.027834, 0.111884, 0.384850
0.017518, 0.969603, 0.043032, -0.008271, 0.938638, 0.258616, -0.110541, 0.063053, 0.838247, 1.027834, 0.043032, 0.384850
0.004578, 0.875847, -0.037051, -0.008667, 0.934298, 0.240560, -0.110541, 0.063053, 0.838247, 1.027834, -0.037051, 0.384850
-0.019838, 0.818470, -0.040347, -0.008753, 0.925697, 0.220973, -0.110541, 0.063053, 0.818470, 1.027834, -0.040347, 0.384850
-0.019593, 0.877190, 0.014344, -0.008289, 0.918660, 0.204419, -0.110541, 0.063053, 0.818470, 1.027834, -0.040347, 0.384850
0.009095, 0.894769, -0.046817, -0.007300, 0.912867, 0.186932, -0.110541, 0.063053, 0.818470, 1.027834, -0.046817, 0.384850
0.014100, 0.853507, -0.119941, -0.005262, 0.909583, 0.166599, -0.110541, 0.063053, 0.818470, 1.027834, -0.119941, 0.384850
-0.017396, 0.852408, -0.072941, -0.002435, 0.907673, 0.146896, -0.110541, 0.063053, 0.818470, 1.027834, -0.119941, 0.384850
-0.010316, 0.923091, -0.029604, 0.002558, 0.911451, 0.128450, -0.110541, 0.063053, 0.818470, 1.027834, -0.119941, 0.384850
-0.012147, 0.947507, -0.024232, 0.007477, 0.916322, 0.110236, -0.055362, 0.063053, 0.818470, 1.027834, -0.119941, 0.384850
-0.015077, 0.965452, 0.007020, 0.009491, 0.922529, 0.097326, -0.019838, 0.063053, 0.818470, 1.027834, -0.119941, 0.384850
0.008240, 0.957761, 0.009095, 0.010859, 0.928505, 0.086785, -0.019838, 0.063053, 0.818470, 1.027834, -0.119941, 0.384850
0.026552, 0.924556, 0.012757, 0.012659, 0.932406, 0.074382, -0.019838, 0.063053, 0.818470, 1.027834, -0.119941, 0.384850
-0.006409, 0.909785, 0.062931, 0.012336, 0.930678, 0.058286, -0.019838, 0.063053, 0.818470, 1.027834, -0.119941, 0.271928
-0.025087, 0.935787, 0.069767, 0.009827, 0.928536, 0.049216, -0.025087, 0.063053, 0.818470, 1.027834, -0.119941, 0.271928
-0.038760, 1.019410, 0.056217, 0.005841, 0.930007, 0.046432, -0.038760, 0.063053, 0.818470, 1.027834, -0.119941, 0.271928
0.000305, 1.039797, 0.014222, 0.004016, 0.931807, 0.039364, -0.038760, 0.063053, 0.818470, 1.039797, -0.119941, 0.271928
0.023256, 0.990844, 0.016786, 0.003485, 0.929958, 0.030233, -0.038760, 0.063053, 0.818470, 1.039797, -0.119941, 0.271928
0.015199, 0.979857, 0.069401, 0.002979, 0.928469, 0.020106, -0.038760, 0.063053, 0.818470, 1.039797, -0.119941, 0.237746
0.003357, 0.976317, 0.069157, -0.000006, 0.932558, 0.011677, -0.038760, 0.042300, 0.818470, 1.039797, -0.119941, 0.159739
-0.000916, 1.026125, 0.057193, -0.002167, 0.936904, 0.006549, -0.038760, 0.026552, 0.818470, 1.039797, -0.119941, 0.069767
-0.007508, 1.062382, 0.042056, -0.003418, 0.941543, 0.006501, -0.038760, 0.026552, 0.818470, 1.062382, -0.119941, 0.069767
0.004700, 1.008912, 0.047305, -0.003412, 0.948196, 0.010718, -0.038760, 0.026552, 0.818470, 1.062382, -0.119941, 0.069767
0.021669, 0.967894, 0.085760, -0.001337, 0.955668, 0.017024, -0.038760, 0.026552, 0.852408, 1.062382, -0.119941, 0.085760
0.031679, 0.980468, 0.092718, 0.001227, 0.960831, 0.020942, -0.038760, 0.031679, 0.852408, 1.062382, -0.119941, 0.092718
0.010193, 0.967771, 0.098212, 0.001282, 0.964482, 0.028194, -0.038760, 0.031679, 0.852408, 1.062382, -0.119941, 0.098212
0.009583, 0.969969, 0.083562, 0.001056, 0.970305, 0.038369, -0.038760, 0.031679, 0.852408, 1.062382, -0.072941, 0.098212
0.017396, 0.991333, 0.067936, 0.002795, 0.977251, 0.045413, -0.038760, 0.031679, 0.909785, 1.062382, -0.029604, 0.098212
0.020326, 0.977049, 0.057315, 0.004328, 0.979949, 0.049759, -0.038760, 0.031679, 0.909785, 1.062382, -0.024232, 0.098212
0.006043, 0.946164, 0.056461, 0.005237, 0.979882, 0.053794, -0.038760, 0.031679, 0.909785, 1.062382, 0.007020, 0.098212
-0.010560, 0.915522, 0.057071, 0.005463, 0.977385, 0.056296, -0.038760, 0.031679, 0.909785, 1.062382, 0.009095, 0.098212
-0.011658, 0.925044, 0.068669, 0.004468, 0.975749, 0.059275, -0.038760, 0.031679, 0.909785, 1.062382, 0.012757, 0.098212
0.008973, 0.976073, 0.080266, 0.003589, 0.978325, 0.062650, -0.038760, 0.031679, 0.909785, 1.062382, 0.014222, 0.098212
0.025819, 1.000244, 0.075017, 0.005200, 0.982848, 0.063255, -0.038760, 0.031679, 0.915522, 1.062382, 0.014222, 0.098212
-0.008484, 1.007447, 0.133004, 0.006031, 0.986431, 0.066416, -0.038760, 0.031679, 0.915522, 1.062382, 0.014222, 0.133004
-0.002991, 0.985839, 0.145700, 0.007819, 0.984753, 0.070891, -0.011658, 0.031679, 0.915522, 1.062382, 0.014222, 0.145700
0.030336, 0.991455, 0.115791, 0.009321, 0.982335, 0.075969, -0.011658, 0.031679, 0.915522, 1.062382, 0.016786, 0.145700
0.057438, 0.970823, 0.097601, 0.011030, 0.981334, 0.080010, -0.011658, 0.057438, 0.915522, 1.062382, 0.042056, 0.145700
0.057926, 0.973997, 0.104926, 0.013166, 0.981041, 0.081786, -0.011658, 0.057926, 0.915522, 1.062382, 0.042056, 0.145700
0.048526, 0.986205, 0.121162, 0.015425, 0.981536, 0.084386, -0.011658, 0.057926, 0.915522, 1.062382, 0.042056, 0.145700
0.023866, 1.017946, 0.141061, 0.016664, 0.981127, 0.088580, -0.011658, 0.057926, 0.915522, 1.062382, 0.042056, 0.145700
0.039736, 1.043460, 0.151071, 0.019026, 0.980181, 0.094030, -0.011658, 0.057926, 0.915522, 1.043460, 0.047305, 0.151071
0.038638, 1.017335, 0.154734, 0.020723, 0.980602, 0.099402, -0.011658, 0.057926, 0.915522, 1.043460, 0.056461, 0.154734
0.021303, 1.004151, 0.139718, 0.020704, 0.982415, 0.102100, -0.011658, 0.057926, 0.915522, 1.043460, 0.056461, 0.154734
0.009461, 1.000977, 0.101874, 0.019593, 0.983440, 0.102558, -0.011658, 0.057926, 0.915522, 1.043460, 0.056461, 0.154734
0.028139, 0.969725, 0.068913, 0.020491, 0.983538, 0.101093, -0.011658, 0.057926, 0.915522, 1.043460, 0.056461, 0.154734
0.024965, 0.946042, 0.058170, 0.021260, 0.982342, 0.099823, -0.011658, 0.057926, 0.915522, 1.043460, 0.056461, 0.154734
0.008362, 0.929927, 0.049258, 0.020808, 0.979271, 0.098889, -0.011658, 0.057926, 0.915522, 1.043460, 0.049258, 0.154734
-0.001526, 0.925411, 0.039492, 0.019716, 0.976689, 0.097998, -0.011658, 0.057926, 0.915522, 1.043460, 0.039492, 0.154734
0.011292, 0.915278, 0.045962, 0.019978, 0.975145, 0.097473, -0.011658, 0.057926, 0.915278, 1.043460, 0.039492, 0.154734
0.015931, 0.929805, 0.034853, 0.021303, 0.975859, 0.096362, -0.011658, 0.057926, 0.915278, 1.043460, 0.034853, 0.154734
0.007752, 0.982177, 0.057315, 0.022273, 0.978716, 0.095794, -0.008484, 0.057926, 0.915278, 1.043460, 0.034853, 0.154734
-0.002014, 1.011353, 0.076482, 0.021724, 0.980480, 0.095605, -0.008484, 0.057926, 0.915278, 1.043460, 0.034853, 0.154734
-0.004334, 1.016236, 0.084295, 0.020216, 0.981279, 0.096069, -0.008484, 0.057926, 0.915278, 1.043460, 0.034853, 0.154734
0.004944, 1.025759, 0.086248, 0.020887, 0.982195, 0.093731, -0.004334, 0.057926, 0.915278, 1.043460, 0.034853, 0.154734
0.010926, 0.988891, 0.064152, 0.021583, 0.982348, 0.089654, -0.004334, 0.057926, 0.915278, 1.043460, 0.034853, 0.154734
0.031557, 0.953977, 0.062687, 0.021644, 0.980474, 0.086999, -0.004334, 0.057926, 0.915278, 1.043460, 0.034853, 0.154734
0.044986, 0.956418, 0.094427, 0.021022, 0.979754, 0.086840, -0.004334, 0.057926, 0.915278, 1.043460, 0.034853, 0.154734
0.049380, 0.953000, 0.014222, 0.020595, 0.978704, 0.082305, -0.004334, 0.049380, 0.915278, 1.043460, 0.014222, 0.154734
0.006653, 0.937130, 0.017030, 0.018501, 0.976250, 0.077098, -0.004334, 0.049380, 0.915278, 1.043460, 0.014222, 0.154734
-0.023866, 0.912592, 0.001526, 0.016114, 0.970982, 0.070121, -0.023866, 0.049380, 0.912592, 1.043460, 0.001526, 0.154734
-0.029848, 0.918574, -0.051090, 0.012635, 0.964738, 0.060013, -0.029848, 0.049380, 0.912592, 1.025759, -0.051090, 0.154734
-0.012635, 0.921748, -0.088934, 0.010071, 0.959959, 0.047830, -0.029848, 0.049380, 0.912592, 1.025759, -0.088934, 0.139718
0.008362, 1.008301, -0.030947, 0.009424, 0.960166, 0.039297, -0.029848, 0.049380, 0.912592, 1.025759, -0.088934, 0.101874
0.057315, 1.065434, 0.037051, 0.011817, 0.963389, 0.036056, -0.029848, 0.057315, 0.912592, 1.065434, -0.088934, 0.094427
0.105658, 1.081792, 0.036318, 0.015693, 0.968992, 0.034426, -0.029848, 0.105658, 0.912592, 1.081792, -0.088934, 0.094427
0.079656, 1.017091, 0.047916, 0.018428, 0.972545, 0.033913, -0.029848, 0.105658, 0.912592, 1.081792, -0.088934, 0.094427
0.035830, 0.954587, -0.016908, 0.019801, 0.973778, 0.030605, -0.029848, 0.105658, 0.912592, 1.081792, -0.088934, 0.094427
0.047549, 0.889398, -0.085393, 0.022255, 0.971977, 0.024361, -0.029848, 0.105658, 0.889398, 1.081792, -0.088934, 0.094427
0.066593, 0.986205, -0.007142, 0.025020, 0.975523, 0.021705, -0.029848, 0.105658, 0.889398, 1.081792, -0.088934, 0.094427
0.069523, 1.077397, 0.042544, 0.027699, 0.982903, 0.022090, -0.029848, 0.105658, 0.889398, 1.081792, -0.088934, 0.094427
0.051090, 1.072514, 0.016419, 0.029866, 0.987420, 0.020045, -0.029848, 0.105658, 0.889398, 1.081792, -0.088934, 0.094427
0.032045, 0.937496, -0.054752, 0.031569, 0.983727, 0.013483, -0.029848, 0.105658, 0.889398, 1.081792, -0.088934, 0.094427
0.079656, 0.823354, -0.075871, 0.035769, 0.974083, 0.005475, -0.029848, 0.105658, 0.823354, 1.081792, -0.088934, 0.094427
0.098700, 0.781603, -0.039370, 0.040457, 0.961875, -0.000806, -0.029848, 0.105658, 0.781603, 1.081792, -0.088934, 0.094427
0.038638, 0.822987, -0.016297, 0.041842, 0.953580, -0.004828, -0.029848, 0.105658, 0.781603, 1.081792, -0.088934, 0.094427
-0.001526, 0.895868, 0.082341, 0.040188, 0.950674, -0.003846, -0.029848, 0.105658, 0.781603, 1.081792, -0.088934, 0.094427
-0.016908, 0.969725, 0.152658, 0.037093, 0.951340, -0.000934, -0.029848, 0.105658, 0.781603, 1.081792, -0.088934, 0.152658
-0.013123, 0.999390, 0.175609, 0.033968, 0.953659, 0.007135, -0.029848, 0.105658, 0.781603, 1.081792, -0.088934, 0.175609
-0.010682, 0.989379, 0.194409, 0.033101, 0.956272, 0.016004, -0.029848, 0.105658, 0.781603, 1.081792, -0.088934, 0.194409
0.029360, 0.974120, 0.163645, 0.035763, 0.959348, 0.024110, -0.029848, 0.105658, 0.781603, 1.081792, -0.088934, 0.194409
0.047916, 0.958738, 0.138253, 0.039651, 0.961356, 0.033577, -0.016908, 0.105658, 0.781603, 1.081792, -0.088934, 0.194409
0.041690, 0.944577, 0.206617, 0.042367, 0.962498, 0.048355, -0.016908, 0.105658, 0.781603, 1.081792, -0.085393, 0.206617
-0.006409, 0.930538, 0.270952, 0.041629, 0.958610, 0.063450, -0.016908, 0.105658, 0.781603, 1.081792, -0.085393, 0.270952
-0.068791, 0.890008, 0.327107, 0.035323, 0.949838, 0.077953, -0.068791, 0.105658, 0.781603, 1.081792, -0.085393, 0.327107
-0.015565, 0.966551, 0.362022, 0.029262, 0.944076, 0.094238, -0.068791, 0.098700, 0.781603, 1.077397, -0.085393, 0.362022
0.047183, 0.986327, 0.345785, 0.027638, 0.942538, 0.109131, -0.068791, 0.098700, 0.781603, 1.077397, -0.085393, 0.362022
0.036562, 0.935177, 0.376671, 0.027675, 0.941568, 0.128810, -0.068791, 0.098700, 0.781603, 1.077397, -0.085393, 0.376671
0.004212, 0.859244, 0.397424, 0.025508, 0.940060, 0.152951, -0.068791, 0.098700, 0.781603, 1.077397, -0.075871, 0.397424
-0.055973, 0.785509, 0.354331, 0.019380, 0.930025, 0.171025, -0.068791, 0.098700, 0.781603, 1.077397, -0.075871, 0.397424
-0.099066, 0.746200, 0.379112, 0.010950, 0.913465, 0.187853, -0.099066, 0.098700, 0.746200, 1.072514, -0.075871, 0.397424
-0.120674, 0.781725, 0.392663, 0.002362, 0.898926, 0.206665, -0.120674, 0.098700, 0.746200, 0.999390, -0.075871, 0.397424
-0.067936, 0.881707, 0.427211, -0.002637, 0.896136, 0.230764, -0.120674, 0.098700, 0.746200, 0.999390, -0.075871, 0.427211
-0.023256, 0.911250, 0.466520, -0.007782, 0.900531, 0.257883, -0.120674, 0.098700, 0.746200, 0.999390, -0.039370, 0.466520
-0.005799, 0.927486, 0.470915, -0.013007, 0.907825, 0.283397, -0.120674, 0.047916, 0.746200, 0.999390, -0.016297, 0.470915
-0.029360, 0.914423, 0.454801, -0.016407, 0.912397, 0.306952, -0.120674, 0.047916, 0.746200, 0.999390, 0.082341, 0.470915
-0.044864, 0.912959, 0.426357, -0.018574, 0.913252, 0.324153, -0.120674, 0.047916, 0.746200, 0.999390, 0.138253, 0.470915
-0.066105, 0.946042, 0.410364, -0.021034, 0.912067, 0.337038, -0.120674, 0.047916, 0.746200, 0.999390, 0.138253, 0.470915
-0.048892, 0.971800, 0.423183, -0.022822, 0.910688, 0.349417, -0.120674, 0.047916, 0.746200, 0.989379, 0.138253, 0.470915
-0.042300, 0.983520, 0.389855, -0.024403, 0.910395, 0.359189, -0.120674, 0.047916, 0.746200, 0.986327, 0.138253, 0.470915
-0.050723, 0.983764, 0.382653, -0.028408, 0.910877, 0.370140, -0.120674, 0.047916, 0.746200, 0.986327, 0.138253, 0.470915
-0.051700, 0.978148, 0.327107, -0.033388, 0.911848, 0.379582, -0.120674, 0.047183, 0.746200, 0.986327, 0.206617, 0.470915
-0.041568, 0.917109, 0.328328, -0.037551, 0.910474, 0.385668, -0.120674, 0.047183, 0.746200, 0.986327, 0.270952, 0.470915
-0.025087, 0.890618, 0.320515, -0.038485, 0.908478, 0.388146, -0.120674, 0.047183, 0.746200, 0.986327, 0.320515, 0.470915
-0.014710, 0.881585, 0.307941, -0.035781, 0.908057, 0.387188, -0.120674, 0.047183, 0.746200, 0.986327, 0.307941, 0.470915
-0.015931, 0.876579, 0.296100, -0.035799, 0.903559, 0.383892, -0.120674, 0.047183, 0.746200, 0.986327, 0.296100, 0.470915
-0.010926, 0.896966, 0.300494, -0.038705, 0.899091, 0.381627, -0.120674, 0.036562, 0.746200, 0.983764, 0.296100, 0.470915
-0.007630, 0.916987, 0.299274, -0.040914, 0.898181, 0.377757, -0.120674, 0.004212, 0.746200, 0.983764, 0.296100, 0.470915
0.007264, 0.946896, 0.278643, -0.040762, 0.902564, 0.371818, -0.120674, 0.007264, 0.746200, 0.983764, 0.278643, 0.470915
0.007996, 0.958372, 0.283892, -0.037563, 0.911207, 0.368296, -0.120674, 0.007996, 0.746200, 0.983764, 0.278643, 0.470915
0.014344, 0.973997, 0.257157, -0.031893, 0.922597, 0.362199, -0.120674, 0.014344, 0.781725, 0.983764, 0.257157, 0.470915
-0.008606, 0.981933, 0.258866, -0.026289, 0.932607, 0.355509, -0.067936, 0.014344, 0.876579, 0.983764, 0.257157, 0.470915
-0.001770, 0.992553, 0.245193, -0.022981, 0.938149, 0.346408, -0.066105, 0.014344, 0.876579, 0.992553, 0.245193, 0.470915
0.026918, 0.986327, 0.245804, -0.020472, 0.941903, 0.335372, -0.066105, 0.026918, 0.876579, 0.992553, 0.245193, 0.470915
0.035952, 0.978392, 0.220533, -0.018385, 0.944448, 0.322853, -0.066105, 0.035952, 0.876579, 0.992553, 0.220533, 0.454801
0.029604, 0.962400, 0.216627, -0.015437, 0.946847, 0.310944, -0.066105, 0.035952, 0.876579, 0.992553, 0.216627, 0.426357
0.013612, 0.960081, 0.204541, -0.012513, 0.949203, 0.299854, -0.066105, 0.035952, 0.876579, 0.992553, 0.204541, 0.423183
0.022157, 0.962034, 0.187450, -0.008100, 0.950003, 0.288708, -0.051700, 0.035952, 0.876579, 0.992553, 0.187450, 0.423183
0.052677, 0.950681, 0.152902, -0.003021, 0.948947, 0.275194, -0.051700, 0.052677, 0.876579, 0.992553, 0.152902, 0.389855
0.051944, 0.937740, 0.150949, 0.001691, 0.946658, 0.263248, -0.051700, 0.052677, 0.876579, 0.992553, 0.150949, 0.382653
0.040469, 0.945797, 0.162547, 0.006250, 0.944760, 0.252243, -0.051700, 0.052677, 0.876579, 0.992553, 0.150949, 0.328328
0.049869, 0.972655, 0.180248, 0.011329, 0.944485, 0.244900, -0.041568, 0.052677, 0.876579, 0.992553, 0.150949, 0.328328
0.071599, 0.994995, 0.192089, 0.016987, 0.948379, 0.238088, -0.025087, 0.071599, 0.876579, 0.994995, 0.150949, 0.320515
0.098456, 0.987670, 0.186596, 0.023164, 0.953232, 0.231392, -0.015931, 0.098456, 0.876579, 0.994995, 0.150949, 0.307941
0.097357, 0.920283, 0.175487, 0.028768, 0.955167, 0.224770, -0.015931, 0.098456, 0.876579, 0.994995, 0.150949, 0.300494
0.083684, 0.908564, 0.171214, 0.033748, 0.956766, 0.218525, -0.010926, 0.098456, 0.896966, 0.994995, 0.150949, 0.300494
0.035586, 0.919062, 0.161326, 0.036074, 0.957871, 0.211567, -0.008606, 0.098456, 0.908564, 0.994995, 0.150949, 0.299274
0.033510, 0.939571, 0.150583, 0.038131, 0.959000, 0.204132, -0.008606, 0.098456, 0.908564, 0.994995, 0.150583, 0.283892
0.028627, 0.934566, 0.158274, 0.039199, 0.958384, 0.198114, -0.008606, 0.098456, 0.908564, 0.994995, 0.150583, 0.283892
0.018983, 0.947751, 0.187939, 0.039749, 0.957853, 0.193316, -0.008606, 0.098456, 0.908564, 0.994995, 0.150583, 0.258866
0.007020, 0.955686, 0.208082, 0.039382, 0.956937, 0.190862, -0.008606, 0.098456, 0.908564, 0.994995, 0.150583, 0.258866
-0.007874, 1.002564, 0.260331, 0.039419, 0.957969, 0.190936, -0.007874, 0.098456, 0.908564, 1.002564, 0.150583, 0.260331
0.007264, 1.010865, 0.246414, 0.039871, 0.958884, 0.190997, -0.007874, 0.098456, 0.908564, 1.010865, 0.150583, 0.260331
0.038638, 0.990478, 0.227736, 0.040457, 0.959092, 0.190093, -0.007874, 0.098456, 0.908564, 1.010865, 0.150583, 0.260331
0.046084, 0.988281, 0.255204, 0.040963, 0.959586, 0.191827, -0.007874, 0.098456, 0.908564, 1.010865, 0.150583, 0.260331
0.009827, 0.962278, 0.314533, 0.039974, 0.959580, 0.196722, -0.007874, 0.098456, 0.908564, 1.010865, 0.150583, 0.314533
0.000305, 0.943966, 0.319783, 0.039309, 0.958774, 0.202484, -0.007874, 0.098456, 0.908564, 1.010865, 0.150583, 0.319783
0.013734, 0.946774, 0.248123, 0.038888, 0.958011, 0.205518, -0.007874, 0.098456, 0.908564, 1.010865, 0.150583, 0.319783
0.027040, 0.934811, 0.194409, 0.037606, 0.957218, 0.207593, -0.007874, 0.098456, 0.908564, 1.010865, 0.150583, 0.319783
0.012391, 0.920649, 0.217604, 0.035628, 0.956363, 0.210926, -0.007874, 0.098456, 0.908564, 1.010865, 0.150583, 0.319783
0.009583, 0.918208, 0.252152, 0.034084, 0.954984, 0.215406, -0.007874, 0.098456, 0.908564, 1.010865, 0.150583, 0.319783
0.038882, 0.915522, 0.244217, 0.033535, 0.952127, 0.218605, -0.007874, 0.098456, 0.908564, 1.010865, 0.150583, 0.319783
0.068913, 0.939571, 0.180858, 0.033400, 0.949356, 0.218043, -0.007874, 0.098456, 0.908564, 1.010865, 0.150583, 0.319783
0.081731, 0.937252, 0.109199, 0.032564, 0.946835, 0.214173, -0.007874, 0.097357, 0.908564, 1.010865, 0.109199, 0.319783
0.032534, 0.939571, 0.147897, 0.029323, 0.947800, 0.212794, -0.007874, 0.083684, 0.908564, 1.010865, 0.109199, 0.319783
-0.001770, 0.973753, 0.175975, 0.025050, 0.951059, 0.213032, -0.007874, 0.081731, 0.915522, 1.010865, 0.109199, 0.319783
0.000061, 1.002564, 0.168040, 0.023274, 0.955234, 0.213368, -0.007874, 0.081731, 0.915522, 1.010865, 0.109199, 0.319783
0.054874, 0.967527, 0.074162, 0.024342, 0.956632, 0.209547, -0.007874, 0.081731, 0.915522, 1.010865, 0.074162, 0.319783
0.068303, 0.915156, 0.032412, 0.026326, 0.955661, 0.203254, -0.007874, 0.081731, 0.915156, 1.010865, 0.032412, 0.319783
0.016786, 0.892449, 0.035219, 0.026216, 0.952896, 0.195617, -0.007874, 0.081731, 0.892449, 1.010865, 0.032412, 0.319783
-0.020936, 0.877434, 0.034853, 0.024819, 0.948984, 0.186956, -0.020936, 0.081731, 0.877434, 1.010865, 0.032412, 0.319783
-0.014588, 0.949094, 0.069401, 0.024483, 0.946310, 0.177410, -0.020936, 0.081731, 0.877434, 1.010865, 0.032412, 0.319783
0.216871, 1.016969, 0.101996, 0.034963, 0.946615, 0.170189, -0.020936, 0.216871, 0.877434, 1.016969, 0.032412, 0.319783
-0.039126, 1.012452, 0.054142, 0.031075, 0.947714, 0.161509, -0.039126, 0.216871, 0.877434, 1.016969, 0.032412, 0.319783
0.094671, 0.950803, -0.126656, 0.033504, 0.945840, 0.142416, -0.039126, 0.216871, 0.877434, 1.016969, -0.126656, 0.319783
0.022157, 0.957395, -0.065617, 0.034121, 0.945596, 0.123408, -0.039126, 0.216871, 0.877434, 1.016969, -0.126656, 0.319783
-0.013123, 0.907709, -0.087225, 0.033449, 0.943783, 0.103058, -0.039126, 0.216871, 0.877434, 1.016969, -0.126656, 0.252152
-0.020326, 0.906000, -0.001648, 0.031746, 0.941744, 0.090569, -0.039126, 0.216871, 0.877434, 1.016969, -0.126656, 0.252152
0.041445, 0.937008, -0.033510, 0.032467, 0.941854, 0.079174, -0.039126, 0.216871, 0.877434, 1.016969, -0.126656, 0.252152
0.069890, 0.963743, -0.050967, 0.035342, 0.944009, 0.065745, -0.039126, 0.216871, 0.877434, 1.016969, -0.126656, 0.252152
0.043521, 0.956784, -0.032900, 0.037038, 0.945938, 0.051492, -0.039126, 0.216871, 0.877434, 1.016969, -0.126656, 0.244217
0.024477, 0.934200, -0.053531, 0.036318, 0.946872, 0.036605, -0.039126, 0.216871, 0.877434, 1.016969, -0.126656, 0.180858
0.052188, 0.950070, -0.094793, 0.035482, 0.947397, 0.022822, -0.039126, 0.216871, 0.877434, 1.016969, -0.126656, 0.175975
0.077825, 0.939449, -0.151193, 0.035287, 0.947506, 0.009803, -0.039126, 0.216871, 0.877434, 1.016969, -0.151193, 0.175975
0.049747, 0.906488, -0.195874, 0.036147, 0.945852, -0.007386, -0.039126, 0.216871, 0.877434, 1.016969, -0.195874, 0.175975
0.028871, 0.874870, -0.179515, 0.037679, 0.940908, -0.025160, -0.039126, 0.216871, 0.874870, 1.016969, -0.195874, 0.168040
-0.025087, 0.902948, -0.111884, 0.036422, 0.935927, -0.039156, -0.039126, 0.216871, 0.874870, 1.016969, -0.195874, 0.101996
-0.036074, 1.014894, -0.127266, 0.031875, 0.938296, -0.049228, -0.039126, 0.216871, 0.874870, 1.016969, -0.195874, 0.101996
0.027529, 1.051883, -0.185985, 0.029836, 0.945132, -0.060148, -0.039126, 0.216871, 0.874870, 1.051883, -0.195874, 0.101996
0.088689, 1.058597, -0.202466, 0.033431, 0.953440, -0.072032, -0.039126, 0.216871, 0.874870, 1.058597, -0.202466, 0.101996
0.056705, 1.015016, -0.180980, 0.037313, 0.960319, -0.082824, -0.039126, 0.216871, 0.874870, 1.058597, -0.202466, 0.101996
0.000793, 0.925411, -0.193188, 0.038082, 0.959134, -0.095953, -0.039126, 0.216871, 0.874870, 1.058597, -0.202466, 0.101996
0.021669, 0.916865, -0.155344, 0.028322, 0.954129, -0.108820, -0.039126, 0.094671, 0.874870, 1.058597, -0.202466, 0.054142
0.051578, 0.933346, -0.175487, 0.032857, 0.950174, -0.120301, -0.036074, 0.094671, 0.874870, 1.058597, -0.202466, -0.001648
0.035708, 0.966917, -0.214674, 0.029909, 0.950980, -0.124702, -0.036074, 0.088689, 0.874870, 1.058597, -0.214674, -0.001648
0.020204, 0.945675, -0.275224, 0.029811, 0.950394, -0.135183, -0.036074, 0.088689, 0.874870, 1.058597, -0.275224, -0.001648
0.018129, 0.857535, -0.328939, 0.031374, 0.947885, -0.147268, -0.036074, 0.088689, 0.857535, 1.058597, -0.328939, -0.001648
-0.007264, 1.012940, -0.190136, 0.032027, 0.953232, -0.156693, -0.036074, 0.088689, 0.857535, 1.058597, -0.328939, -0.032900
-0.026064, 1.076177, -0.167430, 0.028652, 0.960190, -0.163389, -0.036074, 0.088689, 0.857535, 1.076177, -0.328939, -0.032900
0.012635, 1.068241, -0.222853, 0.025789, 0.965415, -0.171983, -0.036074, 0.088689, 0.857535, 1.076177, -0.328939, -0.032900
0.018373, 1.017335, -0.210035, 0.024532, 0.968443, -0.180840, -0.036074, 0.088689, 0.857535, 1.076177, -0.328939, -0.053531
0.025087, 1.000854, -0.162669, 0.024562, 0.971776, -0.186297, -0.036074, 0.088689, 0.857535, 1.076177, -0.328939, -0.094793
0.060734, 0.979003, -0.162547, 0.024989, 0.973222, -0.189684, -0.036074, 0.088689, 0.857535, 1.076177, -0.328939, -0.111884
0.085149, 1.041507, -0.177074, 0.025356, 0.978325, -0.190978, -0.036074, 0.088689, 0.857535, 1.076177, -0.328939, -0.111884
0.091497, 0.982421, -0.169017, 0.027443, 0.982122, -0.189636, -0.036074, 0.091497, 0.857535, 1.076177, -0.328939, -0.111884
0.026064, 1.017823, -0.173289, 0.027303, 0.989269, -0.189324, -0.036074, 0.091497, 0.857535, 1.076177, -0.328939, -0.111884
0.042178, 0.968260, -0.183178, 0.030666, 0.992535, -0.192889, -0.036074, 0.091497, 0.857535, 1.076177, -0.328939, -0.127266
0.032412, 0.930538, -0.195508, 0.034090, 0.988317, -0.196301, -0.026064, 0.091497, 0.857535, 1.076177, -0.328939, -0.155344
0.016786, 0.911372, -0.188549, 0.033553, 0.981292, -0.196429, -0.026064, 0.091497, 0.857535, 1.076177, -0.328939, -0.155344
0.017518, 0.919429, -0.204297, 0.029995, 0.974333, -0.196521, -0.026064, 0.091497, 0.857535, 1.076177, -0.328939, -0.155344
0.028627, 0.973875, -0.228591, 0.028591, 0.972276, -0.198901, -0.026064, 0.091497, 0.857535, 1.076177, -0.328939, -0.155344
0.000427, 0.941647, -0.233230, 0.028572, 0.973088, -0.200904, -0.026064, 0.091497, 0.857535, 1.076177, -0.328939, -0.155344
0.024232, 0.857169, -0.241653, 0.028701, 0.970103, -0.205219, -0.026064, 0.091497, 0.857169, 1.076177, -0.328939, -0.162547
0.063908, 0.807972, -0.250076, 0.029317, 0.963834, -0.208948, -0.026064, 0.091497, 0.807972, 1.076177, -0.328939, -0.162547
0.045230, 0.893548, -0.169627, 0.029793, 0.960166, -0.206696, -0.026064, 0.091497, 0.807972, 1.076177, -0.328939, -0.162547
0.051334, 1.015748, -0.103339, 0.031350, 0.963670, -0.198102, -0.026064, 0.091497, 0.807972, 1.076177, -0.328939, -0.103339
0.049380, 1.101935, -0.174266, 0.032912, 0.975890, -0.190368, -0.026064, 0.091497, 0.807972, 1.101935, -0.250076, -0.103339
0.053775, 1.119636, -0.143869, 0.035964, 0.981225, -0.188055, -0.026064, 0.091497, 0.807972, 1.119636, -0.250076, -0.103339
0.086614, 1.071415, -0.124947, 0.041598, 0.980986, -0.185931, 0.000427, 0.091497, 0.807972, 1.119636, -0.250076, -0.103339
0.095282, 0.998047, -0.156076, 0.045730, 0.977477, -0.182592, 0.000427, 0.095282, 0.807972, 1.119636, -0.250076, -0.103339
0.074528, 0.989135, -0.149118, 0.048538, 0.976067, -0.179546, 0.000427, 0.095282, 0.807972, 1.119636, -0.250076, -0.103339
0.062931, 1.029299, -0.158762, 0.050430, 0.977489, -0.179351, 0.000427, 0.095282, 0.807972, 1.119636, -0.250076, -0.103339
0.068791, 1.040774, -0.161326, 0.050833, 0.980577, -0.179290, 0.000427, 0.095282, 0.807972, 1.119636, -0.250076, -0.103339
0.081731, 1.035158, -0.141427, 0.050662, 0.980260, -0.177507, 0.000427, 0.095282, 0.807972, 1.119636, -0.250076, -0.103339
0.080876, 1.008545, -0.128731, 0.050131, 0.981566, -0.175493, 0.000427, 0.095282, 0.807972, 1.119636, -0.250076, -0.103339
0.036929, 0.985717, -0.133248, 0.050674, 0.979961, -0.173491, 0.000427, 0.095282, 0.807972, 1.119636, -0.250076, -0.103339
0.019838, 1.007569, -0.107734, 0.049557, 0.981926, -0.169719, 0.000427, 0.095282, 0.807972, 1.119636, -0.250076, -0.103339
0.026064, 1.008912, -0.128731, 0.049240, 0.985845, -0.166380, 0.000427, 0.095282, 0.807972, 1.119636, -0.250076, -0.103339
0.033877, 1.010499, -0.139230, 0.050095, 0.990801, -0.163914, 0.000427, 0.095282, 0.807972, 1.119636, -0.250076, -0.103339
0.040469, 1.014649, -0.170237, 0.051242, 0.995562, -0.162211, 0.000427, 0.095282, 0.807972, 1.119636, -0.250076, -0.103339
0.043032, 1.001099, -0.189404, 0.051962, 0.996924, -0.160252, 0.000427, 0.095282, 0.807972, 1.119636, -0.250076, -0.103339
0.051456, 0.972288, -0.203198, 0.054514, 0.998456, -0.158750, 0.019838, 0.095282, 0.807972, 1.119636, -0.250076, -0.103339
0.044986, 0.940914, -0.234572, 0.055552, 1.002643, -0.158396, 0.019838, 0.095282, 0.807972, 1.119636, -0.250076, -0.103339
0.028627, 0.938961, -0.248856, 0.053788, 1.009192, -0.158335, 0.019838, 0.095282, 0.893548, 1.119636, -0.248856, -0.103339
-0.002503, 0.938961, -0.257523, 0.051401, 1.011463, -0.162730, -0.002503, 0.095282, 0.938961, 1.119636, -0.257523, -0.103339
0.018983, 0.945431, -0.201856, 0.049783, 1.007947, -0.167656, -0.002503, 0.095282, 0.938961, 1.119636, -0.257523, -0.107734
0.040835, 0.973631, -0.213697, 0.049356, 1.001532, -0.169627, -0.002503, 0.095282, 0.938961, 1.119636, -0.257523, -0.107734
0.076970, 1.003540, -0.158518, 0.050516, 0.995727, -0.170360, -0.002503, 0.095282, 0.938961, 1.071415, -0.257523, -0.107734
0.101141, 1.000122, -0.103461, 0.051242, 0.992163, -0.169285, -0.002503, 0.101141, 0.938961, 1.040774, -0.257523, -0.103461
0.122383, 0.948605, -0.109809, 0.052597, 0.989690, -0.166972, -0.002503, 0.122383, 0.938961, 1.040774, -0.257523, -0.103461
0.010682, 0.955930, -0.117622, 0.049405, 0.988030, -0.165397, -0.002503, 0.122383, 0.938961, 1.040774, -0.257523, -0.103461
-0.033022, 0.951169, -0.069767, 0.044607, 0.984124, -0.160947, -0.033022, 0.122383, 0.938961, 1.040774, -0.257523, -0.069767
-0.036318, 0.936031, -0.109443, 0.039352, 0.978887, -0.158353, -0.036318, 0.122383, 0.936031, 1.035158, -0.257523, -0.069767
-0.021669, 0.950559, -0.134957, 0.034182, 0.974657, -0.158030, -0.036318, 0.122383, 0.936031, 1.014649, -0.257523, -0.069767
-0.007264, 0.963255, -0.142648, 0.029775, 0.972392, -0.158726, -0.036318, 0.122383, 0.936031, 1.014649, -0.257523, -0.069767
-0.011903, 0.985351, -0.219923, 0.027333, 0.972374, -0.163059, -0.036318, 0.122383, 0.936031, 1.014649, -0.257523, -0.069767
-0.020692, 0.944332, -0.251175, 0.025307, 0.969212, -0.170231, -0.036318, 0.122383, 0.936031, 1.014649, -0.257523, -0.069767
-0.051456, 0.992553, -0.208936, 0.021431, 0.968394, -0.174242, -0.051456, 0.122383, 0.936031, 1.014649, -0.257523, -0.069767
-0.054874, 1.004151, -0.221144, 0.016993, 0.968077, -0.178337, -0.054874, 0.122383, 0.936031, 1.014649, -0.257523, -0.069767
-0.035097, 1.008912, -0.211866, 0.013215, 0.967790, -0.180419, -0.054874, 0.122383, 0.936031, 1.008912, -0.257523, -0.069767
0.041323, 0.961179, -0.206739, 0.013129, 0.965794, -0.181285, -0.054874, 0.122383, 0.936031, 1.008912, -0.257523, -0.069767
0.022768, 1.005249, -0.133736, 0.011695, 0.967442, -0.177812, -0.054874, 0.122383, 0.936031, 1.008912, -0.257523, -0.069767
0.009583, 1.074101, -0.086248, 0.009925, 0.974101, -0.170396, -0.054874, 0.122383, 0.936031, 1.074101, -0.257523, -0.069767
0.004578, 1.165171, -0.079045, 0.008722, 0.985412, -0.161906, -0.054874, 0.122383, 0.936031, 1.165171, -0.257523, -0.069767
0.017396, 1.122566, -0.123237, 0.009717, 0.994592, -0.155191, -0.054874, 0.122383, 0.936031, 1.165171, -0.251175, -0.069767
0.052554, 1.051517, -0.195752, 0.011396, 0.999896, -0.154886, -0.054874, 0.122383, 0.936031, 1.165171, -0.251175, -0.069767
0.039736, 0.911738, -0.186962, 0.011341, 0.996802, -0.153549, -0.054874, 0.122383, 0.911738, 1.165171, -0.251175, -0.069767
0.035830, 0.843618, -0.176097, 0.009284, 0.988805, -0.154428, -0.054874, 0.122383, 0.843618, 1.165171, -0.251175, -0.069767
-0.005677, 0.807972, -0.205396, 0.003943, 0.979198, -0.159525, -0.054874, 0.122383, 0.807972, 1.165171, -0.251175, -0.069767
0.003113, 0.795886, -0.204663, -0.002020, 0.971562, -0.164268, -0.054874, 0.052554, 0.795886, 1.165171, -0.251175, -0.069767
0.010193, 0.804554, -0.179393, -0.002045, 0.963993, -0.167356, -0.054874, 0.052554, 0.795886, 1.165171, -0.251175, -0.069767
-0.027651, 0.892938, -0.074773, -0.001776, 0.961082, -0.167607, -0.054874, 0.052554, 0.795886, 1.165171, -0.251175, -0.074773
-0.117012, 0.867790, 0.020570, -0.005811, 0.957670, -0.161106, -0.117012, 0.052554, 0.795886, 1.165171, -0.251175, 0.020570
-0.074162, 0.742904, -0.065251, -0.008436, 0.947287, -0.157621, -0.117012, 0.052554, 0.742904, 1.165171, -0.251175, 0.020570
0.025331, 0.756821, -0.065983, -0.006806, 0.936965, -0.153787, -0.117012, 0.052554, 0.742904, 1.165171, -0.251175, 0.020570
0.072087, 0.774644, -0.115180, -0.002606, 0.926430, -0.148550, -0.117012, 0.072087, 0.742904, 1.165171, -0.251175, 0.020570
0.105292, 0.811512, -0.095648, 0.003693, 0.919789, -0.140774, -0.117012, 0.105292, 0.742904, 1.165171, -0.221144, 0.020570
0.107001, 0.870231, 0.002625, 0.011616, 0.913673, -0.130196, -0.117012, 0.107001, 0.742904, 1.165171, -0.221144, 0.020570
0.059269, 0.932125, 0.114814, 0.017323, 0.910071, -0.113398, -0.117012, 0.107001, 0.742904, 1.165171, -0.211866, 0.114814
0.023378, 0.992309, 0.209180, 0.020247, 0.909241, -0.092346, -0.117012, 0.107001, 0.742904, 1.165171, -0.206739, 0.209180
0.031557, 1.054935, 0.320637, 0.019758, 0.913929, -0.065977, -0.117012, 0.107001, 0.742904, 1.165171, -0.205396, 0.320637
0.014100, 1.045657, 0.331990, 0.019325, 0.915949, -0.042691, -0.117012, 0.107001, 0.742904, 1.165171, -0.205396, 0.331990
0.011048, 1.047854, 0.319172, 0.019398, 0.914637, -0.022420, -0.117012, 0.107001, 0.742904, 1.165171, -0.205396, 0.331990
0.017884, 1.034548, 0.284868, 0.020063, 0.908106, -0.004224, -0.117012, 0.107001, 0.742904, 1.122566, -0.205396, 0.331990
0.043032, 1.087163, 0.245804, 0.021345, 0.906336, 0.014228, -0.117012, 0.107001, 0.742904, 1.087163, -0.205396, 0.331990
0.040591, 1.073369, 0.231154, 0.020747, 0.907428, 0.035573, -0.117012, 0.107001, 0.742904, 1.087163, -0.205396, 0.331990
0.038760, 1.066288, 0.194409, 0.020698, 0.915156, 0.054642, -0.117012, 0.107001, 0.742904, 1.087163, -0.205396, 0.331990
0.054508, 1.069951, 0.161692, 0.021632, 0.926473, 0.071531, -0.117012, 0.107001, 0.742904, 1.087163, -0.205396, 0.331990
0.106757, 1.082402, 0.116645, 0.027254, 0.940194, 0.087633, -0.117012, 0.107001, 0.742904, 1.087163, -0.204663, 0.331990
0.121650, 1.103156, 0.087835, 0.033181, 0.955558, 0.102258, -0.117012, 0.121650, 0.742904, 1.103156, -0.179393, 0.331990
0.093084, 1.123421, 0.050845, 0.037325, 0.971501, 0.113770, -0.117012, 0.121650, 0.742904, 1.123421, -0.115180, 0.331990
0.103339, 1.057132, 0.031801, 0.043875, 0.979711, 0.119099, -0.117012, 0.121650, 0.742904, 1.123421, -0.115180, 0.331990
0.106879, 0.995117, 0.016664, 0.055069, 0.986077, 0.118904, -0.074162, 0.121650, 0.742904, 1.123421, -0.115180, 0.331990
0.096136, 0.994995, -0.005432, 0.063584, 0.998681, 0.121895, 0.011048, 0.121650, 0.756821, 1.123421, -0.115180, 0.331990
0.090643, 1.021119, -0.019227, 0.066850, 1.011896, 0.124232, 0.011048, 0.121650, 0.774644, 1.123421, -0.115180, 0.331990
0.058658, 0.995727, -0.049258, 0.066178, 1.022951, 0.127528, 0.011048, 0.121650, 0.811512, 1.123421, -0.095648, 0.331990
-0.004090, 0.934444, -0.098212, 0.060709, 1.029097, 0.127400, -0.004090, 0.121650, 0.870231, 1.123421, -0.098212, 0.331990
-0.012635, 0.881951, -0.045596, 0.054727, 1.029683, 0.124989, -0.012635, 0.121650, 0.881951, 1.123421, -0.098212, 0.331990
0.015443, 0.848135, -0.016175, 0.052536, 1.025484, 0.118440, -0.012635, 0.121650, 0.848135, 1.123421, -0.098212, 0.331990
0.023012, 0.853751, -0.049991, 0.052518, 1.018556, 0.105481, -0.012635, 0.121650, 0.848135, 1.123421, -0.098212, 0.331990
0.010804, 0.913569, -0.062687, 0.051480, 1.011487, 0.086315, -0.012635, 0.121650, 0.848135, 1.123421, -0.098212, 0.331990
0.005310, 0.913691, -0.077458, 0.051041, 1.004889, 0.065843, -0.012635, 0.121650, 0.848135, 1.123421, -0.098212, 0.319172
0.002869, 0.895990, -0.042544, 0.050632, 0.997296, 0.047757, -0.012635, 0.121650, 0.848135, 1.123421, -0.098212, 0.284868
0.027895, 0.902826, -0.002869, 0.051132, 0.990710, 0.033370, -0.012635, 0.121650, 0.848135, 1.123421, -0.098212, 0.245804
0.030581, 0.925899, 0.014710, 0.050510, 0.982647, 0.021815, -0.012635, 0.121650, 0.848135, 1.123421, -0.098212, 0.231154
0.064762, 0.980712, 0.011781, 0.051718, 0.978014, 0.010847, -0.012635, 0.121650, 0.848135, 1.123421, -0.098212, 0.194409
0.112617, 1.068486, 0.021791, 0.055411, 0.978124, 0.002216, -0.012635, 0.121650, 0.848135, 1.123421, -0.098212, 0.161692
0.141793, 1.119514, 0.030458, 0.059775, 0.980602, -0.004346, -0.012635, 0.141793, 0.848135, 1.123421, -0.098212, 0.116645
0.149728, 1.076909, 0.012879, 0.061924, 0.980327, -0.009534, -0.012635, 0.149728, 0.848135, 1.123421, -0.098212, 0.087835
0.137276, 1.025759, 0.021303, 0.062705, 0.976457, -0.012861, -0.012635, 0.149728, 0.848135, 1.123421, -0.098212, 0.050845
0.138131, 1.009278, 0.040225, 0.064958, 0.970750, -0.013392, -0.012635, 0.149728, 0.848135, 1.119514, -0.098212, 0.040225
0.144113, 0.967649, 0.023500, 0.066996, 0.966276, -0.013807, -0.012635, 0.149728, 0.848135, 1.119514, -0.098212, 0.040225
0.159006, 0.946652, -0.001160, 0.069603, 0.963853, -0.014698, -0.012635, 0.159006, 0.848135, 1.119514, -0.098212, 0.040225
0.170359, 0.958249, -0.024965, 0.073314, 0.962015, -0.015675, -0.012635, 0.170359, 0.848135, 1.119514, -0.098212, 0.040225
0.164378, 0.970945, -0.012513, 0.077001, 0.959507, -0.015339, -0.012635, 0.170359, 0.848135, 1.119514, -0.098212, 0.040225
0.166697, 0.991088, 0.005677, 0.082402, 0.959275, -0.012592, -0.012635, 0.170359, 0.848135, 1.119514, -0.098212, 0.040225
0.144113, 1.006592, -0.013123, 0.089813, 0.962882, -0.008338, -0.012635, 0.170359, 0.848135, 1.119514, -0.077458, 0.040225
0.144113, 1.000488, -0.020326, 0.097650, 0.968809, -0.007074, 0.002869, 0.170359, 0.848135, 1.119514, -0.077458, 0.040225
0.137643, 1.007569, -0.023988, 0.103760, 0.976781, -0.007465, 0.002869, 0.170359, 0.853751, 1.119514, -0.077458, 0.040225
0.136788, 1.017823, -0.029360, 0.109449, 0.984984, -0.006433, 0.002869, 0.170359, 0.895990, 1.119514, -0.077458, 0.040225
0.130806, 1.003052, -0.045108, 0.115449, 0.989459, -0.005555, 0.002869, 0.170359, 0.895990, 1.119514, -0.077458, 0.040225
0.130684, 1.013917, -0.050357, 0.121718, 0.994470, -0.004199, 0.002869, 0.170359, 0.895990, 1.119514, -0.050357, 0.040225
0.145822, 1.042483, -0.039736, 0.128865, 1.001795, -0.004059, 0.027895, 0.170359, 0.902826, 1.119514, -0.050357, 0.040225
0.139474, 1.042117, -0.028749, 0.134444, 1.008759, -0.005353, 0.030581, 0.170359, 0.925899, 1.119514, -0.050357, 0.040225
0.143258, 1.032106, -0.018617, 0.140078, 1.014069, -0.007019, 0.064762, 0.170359, 0.946652, 1.119514, -0.050357, 0.040225
0.138009, 1.008912, -0.008240, 0.143740, 1.015479, -0.008020, 0.112617, 0.170359, 0.946652, 1.119514, -0.050357, 0.040225
0.119819, 0.966062, 0.016175, 0.144100, 1.010358, -0.008301, 0.119819, 0.170359, 0.946652, 1.119514, -0.050357, 0.040225
0.089666, 0.922236, 0.036684, 0.141494, 1.000494, -0.007990, 0.089666, 0.170359, 0.922236, 1.076909, -0.050357, 0.040225
0.071355, 0.897821, 0.055851, 0.137575, 0.991540, -0.005841, 0.071355, 0.170359, 0.897821, 1.042483, -0.050357, 0.055851
0.079045, 0.902460, 0.049014, 0.134664, 0.985375, -0.004456, 0.071355, 0.170359, 0.897821, 1.042483, -0.050357, 0.055851
0.091131, 0.913569, 0.042666, 0.132314, 0.980590, -0.004334, 0.071355, 0.170359, 0.897821, 1.042483, -0.050357, 0.055851
0.105536, 0.947873, 0.027773, 0.130385, 0.979601, -0.004120, 0.071355, 0.170359, 0.897821, 1.042483, -0.050357, 0.055851
0.106879, 0.950436, 0.023744, 0.127779, 0.979790, -0.002875, 0.071355, 0.170359, 0.897821, 1.042483, -0.050357, 0.055851
0.099799, 0.953855, 0.018739, 0.124251, 0.979570, -0.000690, 0.071355, 0.166697, 0.897821, 1.042483, -0.050357, 0.055851
0.089788, 1.001587, 0.033022, 0.120521, 0.981102, 0.001587, 0.071355, 0.166697, 0.897821, 1.042483, -0.050357, 0.055851
0.080266, 1.024415, 0.039248, 0.116200, 0.982769, 0.003266, 0.071355, 0.145822, 0.897821, 1.042483, -0.050357, 0.055851
0.089178, 1.002198, 0.024965, 0.113453, 0.982549, 0.005170, 0.071355, 0.145822, 0.897821, 1.042483, -0.050357, 0.055851
0.110175, 0.985595, 0.033144, 0.111756, 0.981804, 0.007843, 0.071355, 0.145822, 0.897821, 1.042483, -0.050357, 0.055851
0.110419, 0.980834, 0.021791, 0.110395, 0.980468, 0.010132, 0.071355, 0.145822, 0.897821, 1.042483, -0.050357, 0.055851
0.105780, 0.982421, 0.011658, 0.108844, 0.978697, 0.012183, 0.071355, 0.145822, 0.897821, 1.042483, -0.050357, 0.055851
0.102240, 0.997803, 0.027895, 0.107416, 0.978435, 0.015833, 0.071355, 0.145822, 0.897821, 1.042483, -0.050357, 0.055851
0.106025, 1.012208, 0.045596, 0.106183, 0.978350, 0.020631, 0.071355, 0.145822, 0.897821, 1.042483, -0.039736, 0.055851
0.101508, 0.993408, 0.053775, 0.103967, 0.975896, 0.025307, 0.071355, 0.143258, 0.897821, 1.042117, -0.028749, 0.055851
0.099554, 0.997192, 0.097479, 0.101972, 0.973650, 0.031618, 0.071355, 0.143258, 0.897821, 1.032106, -0.018617, 0.097479
0.053165, 1.025636, 0.134225, 0.097467, 0.973326, 0.039260, 0.053165, 0.138009, 0.897821, 1.025636, -0.008240, 0.134225
0.054996, 1.067143, 0.176708, 0.093316, 0.976238, 0.048508, 0.053165, 0.119819, 0.897821, 1.067143, 0.011658, 0.176708
0.001160, 1.072392, 0.174144, 0.087383, 0.981554, 0.056406, 0.001160, 0.110419, 0.897821, 1.072392, 0.011658, 0.176708
0.031557, 1.090093, 0.191967, 0.084478, 0.989947, 0.064170, 0.001160, 0.110419, 0.897821, 1.090093, 0.011658, 0.191967
0.071843, 1.114387, 0.176219, 0.084502, 1.000775, 0.070189, 0.001160, 0.110419, 0.902460, 1.114387, 0.011658, 0.191967
0.069890, 1.099493, 0.108588, 0.084044, 1.010627, 0.073167, 0.001160, 0.110419, 0.913569, 1.114387, 0.011658, 0.191967
0.078923, 1.110847, 0.085760, 0.083434, 1.020491, 0.075322, 0.001160, 0.110419, 0.947873, 1.114387, 0.011658, 0.191967
0.075627, 1.153330, 0.080632, 0.081939, 1.030764, 0.077965, 0.001160, 0.110419, 0.950436, 1.153330, 0.011658, 0.191967
0.026796, 1.133309, 0.059635, 0.077934, 1.039907, 0.079759, 0.001160, 0.110419, 0.953855, 1.153330, 0.011658, 0.191967
-0.006043, 1.173594, 0.127632, 0.072642, 1.050894, 0.085204, -0.006043, 0.110419, 0.980834, 1.173594, 0.011658, 0.191967
-0.045474, 1.209608, 0.212232, 0.065879, 1.061295, 0.094165, -0.045474, 0.110419, 0.980834, 1.209608, 0.011658, 0.212232
-0.116157, 1.059574, 0.078557, 0.056058, 1.063053, 0.096130, -0.116157, 0.110419, 0.980834, 1.209608, 0.011658, 0.212232
-0.037783, 0.904047, -0.014832, 0.049710, 1.058146, 0.094140, -0.116157, 0.110419, 0.904047, 1.209608, -0.014832, 0.212232
-0.030336, 0.784289, -0.091375, 0.042685, 1.048080, 0.087914, -0.116157, 0.110419, 0.784289, 1.209608, -0.091375, 0.212232
-0.080510, 0.733138, -0.060001, 0.033138, 1.035696, 0.083825, -0.116157, 0.106025, 0.733138, 1.209608, -0.091375, 0.212232
-0.128365, 0.682354, 0.032534, 0.021431, 1.020692, 0.084868, -0.128365, 0.106025, 0.682354, 1.209608, -0.091375, 0.212232
-0.196484, 0.696515, 0.054142, 0.006495, 1.005628, 0.086181, -0.196484, 0.106025, 0.682354, 1.209608, -0.091375, 0.212232
-0.054508, 0.734603, 0.121406, -0.001532, 0.991748, 0.089971, -0.196484, 0.101508, 0.682354, 1.209608, -0.091375, 0.212232
-0.037905, 0.613624, -0.008484, -0.008503, 0.972758, 0.086858, -0.196484, 0.099554, 0.613624, 1.209608, -0.091375, 0.212232
0.005677, 0.555637, -0.021058, -0.013197, 0.950681, 0.080932, -0.196484, 0.078923, 0.555637, 1.209608, -0.091375, 0.212232
0.021303, 0.521211, -0.008606, -0.014790, 0.925459, 0.073790, -0.196484, 0.078923, 0.521211, 1.209608, -0.091375, 0.212232
0.075871, 0.518281, 0.017884, -0.013746, 0.898016, 0.065849, -0.196484, 0.078923, 0.518281, 1.209608, -0.091375, 0.212232
0.262162, 0.621559, -0.146554, -0.000696, 0.875475, 0.049814, -0.196484, 0.262162, 0.518281, 1.209608, -0.146554, 0.212232
0.586523, 1.354270, -0.279741, 0.027053, 0.888683, 0.026229, -0.196484, 0.586523, 0.518281, 1.354270, -0.279741, 0.212232
0.646707, 1.997253, -1.347800, 0.055796, 0.932827, -0.049972, -0.196484, 0.646707, 0.518281, 1.997253, -1.347800, 0.212232
1.103278, 1.296283, -0.986449, 0.107465, 0.942666, -0.104724, -0.196484, 1.103278, 0.518281, 1.997253, -1.347800, 0.212232
0.752182, 0.588476, -1.136971, 0.141128, 0.916548, -0.165861, -0.196484, 1.103278, 0.518281, 1.997253, -1.347800, 0.212232
0.328694, 0.640237, -0.220411, 0.153781, 0.890893, -0.180913, -0.196484, 1.103278, 0.518281, 1.997253, -1.347800, 0.212232
0.144479, 0.513886, -0.007264, 0.159666, 0.859922, -0.184258, -0.196484, 1.103278, 0.513886, 1.997253, -1.347800, 0.212232
0.170970, 0.660868, -0.165232, 0.168516, 0.834286, -0.198901, -0.196484, 1.103278, 0.513886, 1.997253, -1.347800, 0.212232
0.213331, 0.880242, -0.299152, 0.181456, 0.817817, -0.224470, -0.196484, 1.103278, 0.513886, 1.997253, -1.347800, 0.121406
0.289141, 0.950192, -0.320759, 0.201721, 0.812348, -0.244436, -0.196484, 1.103278, 0.513886, 1.997253, -1.347800, 0.121406
0.327474, 1.043460, -0.245926, 0.219984, 0.819319, -0.255991, -0.196484, 1.103278, 0.513886, 1.997253, -1.347800, 0.121406
0.330159, 1.090582, -0.237258, 0.238009, 0.834634, -0.263285, -0.196484, 1.103278, 0.513886, 1.997253, -1.347800, 0.121406
0.320637, 1.015138, -0.253495, 0.258066, 0.848734, -0.272960, -0.196484, 1.103278, 0.513886, 1.997253, -1.347800, 0.121406
0.292071, 0.955320, -0.256180, 0.279088, 0.862382, -0.287395, -0.196484, 1.103278, 0.513886, 1.997253, -1.347800, 0.121406
0.261918, 0.870964, -0.283037, 0.302008, 0.871104, -0.304254, -0.054508, 1.103278, 0.513886, 1.997253, -1.347800, 0.121406
0.255204, 0.835195, -0.333211, 0.317494, 0.876134, -0.326985, -0.037905, 1.103278, 0.513886, 1.997253, -1.347800, 0.017884
0.209424, 0.835805, -0.390832, 0.329860, 0.887243, -0.346103, 0.005677, 1.103278, 0.513886, 1.997253, -1.347800, 0.017884
0.082586, 0.951901, -0.468718, 0.333706, 0.907056, -0.368486, 0.021303, 1.103278, 0.513886, 1.997253, -1.347800, 0.017884
0.047061, 0.906122, -0.582250, 0.334994, 0.926302, -0.397168, 0.047061, 1.103278, 0.513886, 1.997253, -1.347800, 0.017884
0.137643, 0.870720, -0.484466, 0.338082, 0.943924, -0.422285, 0.047061, 1.103278, 0.513886, 1.997253, -1.347800, -0.007264
0.225294, 0.905146, -0.355796, 0.336239, 0.958103, -0.432747, 0.047061, 1.103278, 0.513886, 1.997253, -1.347800, -0.007264
0.155832, 0.968016, -0.371788, 0.314704, 0.938790, -0.437350, 0.047061, 1.103278, 0.513886, 1.997253, -1.347800, -0.007264
0.120796, 0.955686, -0.402429, 0.288409, 0.886712, -0.390081, 0.047061, 1.103278, 0.513886, 1.296283, -1.136971, -0.007264
0.122993, 0.946774, -0.386681, 0.239394, 0.869237, -0.360093, 0.047061, 0.752182, 0.513886, 1.090582, -1.136971, -0.007264
0.246048, 1.002075, -0.312702, 0.214088, 0.889916, -0.318879, 0.047061, 0.330159, 0.513886, 1.090582, -0.582250, -0.007264
