You entered a buffer length of 100
1.306415, 0.279009, 0.017762, 0.013064, 0.002790, 0.000178, 0.000000, 1.306415, 0.000000, 0.279009, 0.000000, 0.017762
1.315083, 0.254227, 0.009583, 0.026215, 0.005332, 0.000273, 0.000000, 1.315083, 0.000000, 0.279009, 0.000000, 0.017762
1.325581, 0.264237, 0.016908, 0.039471, 0.007975, 0.000443, 0.000000, 1.325581, 0.000000, 0.279009, 0.000000, 0.017762
1.339376, 0.293292, 0.029238, 0.052865, 0.010908, 0.000735, 0.000000, 1.339376, 0.000000, 0.293292, 0.000000, 0.029238
1.348898, 0.333578, 0.041445, 0.066354, 0.014243, 0.001149, 0.000000, 1.348898, 0.000000, 0.333578, 0.000000, 0.041445
1.358298, 0.367881, 0.051578, 0.079937, 0.017922, 0.001665, 0.000000, 1.358298, 0.000000, 0.367881, 0.000000, 0.051578
1.367576, 0.381798, 0.053165, 0.093612, 0.021740, 0.002197, 0.000000, 1.367576, 0.000000, 0.381798, 0.000000, 0.053165
1.378319, 0.372398, 0.068669, 0.107395, 0.025464, 0.002883, 0.000000, 1.378319, 0.000000, 0.381798, 0.000000, 0.068669
1.376732, 0.338827, 0.120063, 0.121163, 0.028852, 0.004084, 0.000000, 1.378319, 0.000000, 0.381798, 0.000000, 0.120063
1.382958, 0.377525, 0.111762, 0.134992, 0.032628, 0.005202, 0.000000, 1.382958, 0.000000, 0.381798, 0.000000, 0.120063
1.406641, 0.419764, 0.132271, 0.149059, 0.036825, 0.006524, 0.000000, 1.406641, 0.000000, 0.419764, 0.000000, 0.132271
1.437893, 0.464567, 0.141549, 0.163438, 0.041471, 0.007940, 0.000000, 1.437893, 0.000000, 0.464567, 0.000000, 0.141549
1.465605, 0.511079, 0.152048, 0.178094, 0.046582, 0.009460, 0.000000, 1.465605, 0.000000, 0.511079, 0.000000, 0.152048
1.477568, 0.537569, 0.134469, 0.192869, 0.051958, 0.010805, 0.000000, 1.477568, 0.000000, 0.537569, 0.000000, 0.152048
1.475005, 0.558689, 0.101019, 0.207619, 0.057544, 0.011815, 0.000000, 1.477568, 0.000000, 0.558689, 0.000000, 0.152048
1.430690, 0.616920, 0.124092, 0.221926, 0.063714, 0.013056, 0.000000, 1.477568, 0.000000, 0.616920, 0.000000, 0.152048
1.384423, 0.631813, 0.147775, 0.235771, 0.070032, 0.014534, 0.000000, 1.477568, 0.000000, 0.631813, 0.000000, 0.152048
1.345358, 0.639382, 0.132760, 0.249224, 0.076426, 0.015862, 0.000000, 1.477568, 0.000000, 0.639382, 0.000000, 0.152048
1.275285, 0.613990, 0.166453, 0.261977, 0.082565, 0.017526, 0.000000, 1.477568, 0.000000, 0.639382, 0.000000, 0.166453
1.236098, 0.578465, 0.190136, 0.274338, 0.088350, 0.019427, 0.000000, 1.477568, 0.000000, 0.639382, 0.000000, 0.190136
1.158213, 0.539889, 0.215895, 0.285920, 0.093749, 0.021586, 0.000000, 1.477568, 0.000000, 0.639382, 0.000000, 0.215895
1.083501, 0.543917, 0.230544, 0.296755, 0.099188, 0.023892, 0.000000, 1.477568, 0.000000, 0.639382, 0.000000, 0.230544
1.079106, 0.725447, -0.058658, 0.307546, 0.106443, 0.023305, 0.000000, 1.477568, 0.000000, 0.725447, -0.058658, 0.230544
0.831167, 0.623756, 0.036074, 0.315858, 0.112680, 0.023666, 0.000000, 1.477568, 0.000000, 0.725447, -0.058658, 0.230544
0.668437, 0.593725, -0.042910, 0.322542, 0.118617, 0.023237, 0.000000, 1.477568, 0.000000, 0.725447, -0.058658, 0.230544
0.531343, 0.520356, -0.101752, 0.327856, 0.123821, 0.022219, 0.000000, 1.477568, 0.000000, 0.725447, -0.101752, 0.230544
0.423549, 0.501801, -0.171702, 0.332091, 0.128839, 0.020502, 0.000000, 1.477568, 0.000000, 0.725447, -0.171702, 0.230544
0.297809, 0.630593, -0.174144, 0.335069, 0.135145, 0.018761, 0.000000, 1.477568, 0.000000, 0.725447, -0.174144, 0.230544
0.236037, 0.713117, -0.145089, 0.337430, 0.142276, 0.017310, 0.000000, 1.477568, 0.000000, 0.725447, -0.174144, 0.230544
0.111884, 0.698468, -0.083562, 0.338548, 0.149261, 0.016474, 0.000000, 1.477568, 0.000000, 0.725447, -0.174144, 0.230544
-0.046328, 0.714338, -0.020936, 0.338085, 0.156404, 0.016265, -0.046328, 1.477568, 0.000000, 0.725447, -0.174144, 0.230544
-0.235793, 0.646829, -0.026552, 0.335727, 0.162872, 0.016000, -0.235793, 1.477568, 0.000000, 0.725447, -0.174144, 0.230544
-0.456510, 0.527681, -0.082586, 0.331162, 0.168149, 0.015174, -0.456510, 1.477568, 0.000000, 0.725447, -0.174144, 0.230544
-0.525118, 0.375084, -0.177562, 0.325911, 0.171900, 0.013398, -0.525118, 1.477568, 0.000000, 0.725447, -0.177562, 0.230544
-0.604956, 0.210035, -0.067936, 0.319861, 0.174000, 0.012719, -0.604956, 1.477568, 0.000000, 0.725447, -0.177562, 0.230544
-0.646585, 0.179393, -0.042666, 0.313396, 0.175794, 0.012292, -0.646585, 1.477568, 0.000000, 0.725447, -0.177562, 0.230544
-0.712019, 0.131417, -0.004334, 0.306275, 0.177109, 0.012249, -0.712019, 1.477568, 0.000000, 0.725447, -0.177562, 0.230544
-0.776109, 0.053653, 0.112250, 0.298514, 0.177645, 0.013371, -0.776109, 1.477568, 0.000000, 0.725447, -0.177562, 0.230544
-0.787951, -0.027406, 0.132515, 0.290635, 0.177371, 0.014696, -0.787951, 1.477568, -0.027406, 0.725447, -0.177562, 0.230544
-0.770128, -0.059635, 0.140939, 0.282934, 0.176775, 0.016106, -0.787951, 1.477568, -0.059635, 0.725447, -0.177562, 0.230544
-0.791369, -0.137765, 0.112495, 0.275020, 0.175397, 0.017231, -0.791369, 1.477568, -0.137765, 0.725447, -0.177562, 0.230544
-0.872185, -0.260575, -0.023866, 0.266298, 0.172791, 0.016992, -0.872185, 1.477568, -0.260575, 0.725447, -0.177562, 0.230544
-0.988036, -0.342123, -0.109565, 0.256418, 0.169370, 0.015896, -0.988036, 1.477568, -0.342123, 0.725447, -0.177562, 0.230544
-0.959958, -0.529634, -0.246902, 0.246818, 0.164074, 0.013427, -0.988036, 1.477568, -0.529634, 0.725447, -0.246902, 0.230544
-0.996582, -0.707746, -0.425990, 0.236852, 0.156996, 0.009167, -0.996582, 1.477568, -0.707746, 0.725447, -0.425990, 0.230544
-0.996948, -0.665263, -0.332723, 0.226883, 0.150344, 0.005840, -0.996948, 1.477568, -0.707746, 0.725447, -0.425990, 0.230544
-1.037356, -0.713483, -0.216261, 0.216509, 0.143209, 0.003678, -1.037356, 1.477568, -0.713483, 0.725447, -0.425990, 0.230544
-1.073125, -0.805774, -0.181713, 0.205778, 0.135151, 0.001860, -1.073125, 1.477568, -0.805774, 0.725447, -0.425990, 0.230544
-1.126595, -0.770860, -0.249100, 0.194512, 0.127442, -0.000631, -1.126595, 1.477568, -0.805774, 0.725447, -0.425990, 0.230544
-1.188000, -0.707380, -0.252884, 0.182632, 0.120369, -0.003159, -1.188000, 1.477568, -0.805774, 0.725447, -0.425990, 0.230544
-1.190808, -0.825307, -0.265092, 0.170724, 0.112116, -0.005810, -1.190808, 1.477568, -0.825307, 0.725447, -0.425990, 0.230544
-1.112678, -0.975584, -0.132882, 0.159597, 0.102360, -0.007139, -1.190808, 1.477568, -0.975584, 0.725447, -0.425990, 0.230544
-1.047732, -0.843130, 0.005555, 0.149120, 0.093928, -0.007084, -1.190808, 1.477568, -0.975584, 0.725447, -0.425990, 0.230544
-0.947995, -0.772691, -0.025819, 0.139640, 0.086202, -0.007342, -1.190808, 1.477568, -0.975584, 0.725447, -0.425990, 0.230544
-0.896600, -0.689800, -0.079167, 0.130674, 0.079304, -0.008133, -1.190808, 1.477568, -0.975584, 0.725447, -0.425990, 0.230544
-0.874016, -0.627907, -0.090521, 0.121934, 0.073024, -0.009039, -1.190808, 1.477568, -0.975584, 0.725447, -0.425990, 0.230544
-0.869743, -0.489837, -0.162547, 0.113236, 0.068126, -0.010664, -1.190808, 1.477568, -0.975584, 0.725447, -0.425990, 0.230544
-0.901239, -0.389367, -0.223341, 0.104224, 0.064232, -0.012897, -1.190808, 1.477568, -0.975584, 0.725447, -0.425990, 0.230544
-0.844839, -0.222487, -0.211744, 0.095775, 0.062008, -0.015015, -1.190808, 1.477568, -0.975584, 0.725447, -0.425990, 0.230544
-0.831899, -0.135323, -0.168895, 0.087456, 0.060654, -0.016704, -1.190808, 1.477568, -0.975584, 0.725447, -0.425990, 0.230544
-0.684673, 0.155588, -0.123482, 0.080610, 0.062210, -0.017939, -1.190808, 1.477568, -0.975584, 0.725447, -0.425990, 0.230544
-0.626320, 0.265702, -0.105048, 0.074347, 0.064867, -0.018989, -1.190808, 1.477568, -0.975584, 0.725447, -0.425990, 0.230544
-0.547458, 0.282183, -0.096502, 0.068872, 0.067689, -0.019954, -1.190808, 1.477568, -0.975584, 0.725447, -0.425990, 0.230544
-0.441983, 0.244339, -0.118110, 0.064452, 0.070132, -0.021135, -1.190808, 1.477568, -0.975584, 0.725447, -0.425990, 0.230544
-0.192211, 0.294513, -0.212476, 0.062530, 0.073078, -0.023260, -1.190808, 1.477568, -0.975584, 0.725447, -0.425990, 0.230544
-0.043399, 0.419398, -0.297442, 0.062096, 0.077272, -0.026234, -1.190808, 1.477568, -0.975584, 0.725447, -0.425990, 0.230544
0.124214, 0.719709, -0.231887, 0.063338, 0.084469, -0.028553, -1.190808, 1.477568, -0.975584, 0.725447, -0.425990, 0.230544
0.191601, 0.698590, -0.074773, 0.065254, 0.091455, -0.029301, -1.190808, 1.477568, -0.975584, 0.725447, -0.425990, 0.230544
0.168406, 0.642800, 0.022645, 0.066938, 0.097883, -0.029075, -1.190808, 1.477568, -0.975584, 0.725447, -0.425990, 0.230544
0.235671, 0.688457, 0.084661, 0.069295, 0.104767, -0.028228, -1.190808, 1.477568, -0.975584, 0.725447, -0.425990, 0.230544
0.507050, 0.829946, 0.150339, 0.074365, 0.113067, -0.026725, -1.190808, 1.477568, -0.975584, 0.829946, -0.425990, 0.230544
0.593237, 0.864494, 0.072453, 0.080298, 0.121712, -0.026000, -1.190808, 1.477568, -0.975584, 0.864494, -0.425990, 0.230544
0.630593, 0.777818, -0.027284, 0.086604, 0.129490, -0.026273, -1.190808, 1.477568, -0.975584, 0.864494, -0.425990, 0.230544
0.676250, 0.581640, 0.038638, 0.093366, 0.135306, -0.025887, -1.190808, 1.477568, -0.975584, 0.864494, -0.425990, 0.230544
0.847159, 0.358481, 0.169627, 0.101838, 0.138891, -0.024190, -1.190808, 1.477568, -0.975584, 0.864494, -0.425990, 0.230544
0.979857, 0.376671, 0.237624, 0.111636, 0.142658, -0.021814, -1.190808, 1.477568, -0.975584, 0.864494, -0.425990, 0.237624
1.171397, 0.366416, 0.219069, 0.123350, 0.146322, -0.019623, -1.190808, 1.477568, -0.975584, 0.864494, -0.425990, 0.237624
1.192883, 0.392419, 0.089910, 0.135279, 0.150246, -0.018724, -1.190808, 1.477568, -0.975584, 0.864494, -0.425990, 0.237624
1.198743, 0.334676, 0.049625, 0.147267, 0.153593, -0.018228, -1.190808, 1.477568, -0.975584, 0.864494, -0.425990, 0.237624
1.182506, 0.244583, 0.093573, 0.159092, 0.156039, -0.017292, -1.190808, 1.477568, -0.975584, 0.864494, -0.425990, 0.237624
1.234145, 0.236404, 0.186840, 0.171433, 0.158403, -0.015424, -1.190808, 1.477568, -0.975584, 0.864494, -0.425990, 0.237624
1.278459, 0.164988, 0.154978, 0.184218, 0.160052, -0.013874, -1.190808, 1.477568, -0.975584, 0.864494, -0.425990, 0.237624
1.344992, 0.084539, 0.074895, 0.197668, 0.160898, -0.013125, -1.190808, 1.477568, -0.975584, 0.864494, -0.425990, 0.237624
1.340963, 0.023622, 0.009095, 0.211077, 0.161134, -0.013034, -1.190808, 1.477568, -0.975584, 0.864494, -0.425990, 0.237624
1.333150, 0.034243, 0.014832, 0.224409, 0.161477, -0.012886, -1.190808, 1.477568, -0.975584, 0.864494, -0.425990, 0.237624
1.321431, 0.049136, 0.036562, 0.237623, 0.161968, -0.012520, -1.190808, 1.477568, -0.975584, 0.864494, -0.425990, 0.237624
1.294085, 0.065617, 0.033144, 0.250564, 0.162624, -0.012189, -1.190808, 1.477568, -0.975584, 0.864494, -0.425990, 0.237624
1.274309, 0.111396, 0.027040, 0.263307, 0.163738, -0.011918, -1.190808, 1.477568, -0.975584, 0.864494, -0.425990, 0.237624
1.290423, 0.144479, 0.004456, 0.276211, 0.165183, -0.011874, -1.190808, 1.477568, -0.975584, 0.864494, -0.425990, 0.237624
1.311543, 0.129586, 0.061832, 0.289327, 0.166479, -0.011256, -1.190808, 1.477568, -0.975584, 0.864494, -0.425990, 0.237624
1.313862, 0.215528, 0.091619, 0.302465, 0.168634, -0.010339, -1.190808, 1.477568, -0.975584, 0.864494, -0.425990, 0.237624
1.352683, 0.223952, 0.019471, 0.315992, 0.170873, -0.010145, -1.190808, 1.477568, -0.975584, 0.864494, -0.425990, 0.237624
1.353537, 0.328084, 0.011292, 0.329528, 0.174154, -0.010032, -1.190808, 1.477568, -0.975584, 0.864494, -0.425990, 0.237624
1.319722, 0.294391, 0.015321, 0.342725, 0.177098, -0.009879, -1.190808, 1.477568, -0.975584, 0.864494, -0.425990, 0.237624
1.255997, 0.299029, -0.002747, 0.355285, 0.180088, -0.009906, -1.190808, 1.477568, -0.975584, 0.864494, -0.425990, 0.237624
1.191540, 0.406336, 0.004212, 0.367200, 0.184152, -0.009864, -1.190808, 1.477568, -0.975584, 0.864494, -0.425990, 0.237624
1.062260, 0.494842, 0.046817, 0.377823, 0.189100, -0.009396, -1.190808, 1.477568, -0.975584, 0.864494, -0.425990, 0.237624
1.016236, 0.565281, 0.040957, 0.387985, 0.194753, -0.008986, -1.190808, 1.477568, -0.975584, 0.864494, -0.425990, 0.237624
1.037478, 0.576390, -0.055606, 0.398360, 0.200517, -0.009542, -1.190808, 1.477568, -0.975584, 0.864494, -0.425990, 0.237624
0.939571, 0.589697, -0.089178, 0.407756, 0.206414, -0.010434, -1.190808, 1.477568, -0.975584, 0.864494, -0.425990, 0.237624
0.708112, 0.455167, -0.106635, 0.401773, 0.208176, -0.011678, -1.190808, 1.477568, -0.975584, 0.864494, -0.425990, 0.237624
0.410853, 0.422938, -0.134591, 0.392730, 0.209863, -0.013120, -1.190808, 1.477568, -0.975584, 0.864494, -0.425990, 0.237624
0.194897, 0.493988, -0.178661, 0.381423, 0.212160, -0.015075, -1.190808, 1.477568, -0.975584, 0.864494, -0.425990, 0.237624
0.087103, 0.572484, -0.382409, 0.368901, 0.214952, -0.019192, -1.190808, 1.477568, -0.975584, 0.864494, -0.425990, 0.237624
0.077214, 0.565403, -0.359946, 0.356184, 0.217270, -0.023206, -1.190808, 1.477568, -0.975584, 0.864494, -0.425990, 0.237624
-0.074773, 0.424403, -0.262650, 0.341853, 0.217836, -0.026348, -1.190808, 1.477568, -0.975584, 0.864494, -0.425990, 0.237624
-0.171458, 0.349448, -0.195874, 0.326463, 0.217512, -0.028838, -1.190808, 1.477568, -0.975584, 0.864494, -0.425990, 0.237624
-0.337362, 0.390588, -0.140328, 0.309306, 0.217694, -0.030928, -1.190808, 1.477568, -0.975584, 0.864494, -0.425990, 0.237624
-0.598975, 0.428432, -0.154367, 0.289549, 0.218590, -0.033673, -1.190808, 1.477568, -0.975584, 0.864494, -0.425990, 0.237624
-0.770860, 0.535860, -0.074162, 0.268011, 0.220173, -0.035532, -1.190808, 1.477568, -0.975584, 0.864494, -0.425990, 0.237624
-0.894647, 0.449795, -0.021791, 0.244998, 0.220474, -0.037073, -1.190808, 1.477568, -0.975584, 0.864494, -0.425990, 0.237624
-0.896112, 0.261185, 0.026064, 0.221658, 0.218440, -0.038227, -1.190808, 1.477568, -0.975584, 0.864494, -0.425990, 0.237624
-0.865959, 0.144967, 0.047793, 0.198342, 0.214779, -0.039270, -1.190808, 1.477568, -0.975584, 0.864494, -0.425990, 0.237624
-0.901361, 0.063786, -0.033632, 0.174553, 0.210041, -0.040951, -1.190808, 1.475005, -0.975584, 0.864494, -0.425990, 0.237624
-0.967527, -0.021425, -0.077825, 0.150128, 0.204240, -0.042739, -1.190808, 1.430690, -0.975584, 0.864494, -0.425990, 0.237624
-0.912836, -0.151437, -0.044864, 0.126692, 0.196556, -0.044429, -1.190808, 1.384423, -0.975584, 0.864494, -0.425990, 0.237624
-0.909174, -0.119453, -0.014100, 0.103756, 0.189044, -0.046048, -1.190808, 1.353537, -0.975584, 0.864494, -0.425990, 0.237624
-0.982055, 0.017518, 0.017518, 0.080482, 0.182825, -0.047200, -1.190808, 1.353537, -0.975584, 0.864494, -0.425990, 0.237624
-1.067021, 0.044131, 0.066471, 0.057059, 0.177126, -0.048200, -1.190808, 1.353537, -0.975584, 0.864494, -0.425990, 0.237624
-1.066044, -0.078069, 0.076970, 0.034038, 0.170561, -0.049332, -1.190808, 1.353537, -0.975584, 0.864494, -0.425990, 0.237624
-1.015992, -0.241043, 0.023378, 0.012296, 0.162752, -0.051257, -1.190808, 1.353537, -0.975584, 0.864494, -0.425990, 0.237624
-0.994384, -0.311970, -0.007874, -0.008483, 0.154193, -0.053641, -1.190808, 1.353537, -0.975584, 0.864494, -0.425990, 0.237624
-0.981688, -0.263993, -0.012879, -0.029091, 0.144298, -0.053183, -1.190808, 1.353537, -0.975584, 0.864494, -0.425990, 0.237624
-1.024049, -0.280596, 0.021303, -0.047643, 0.135255, -0.053331, -1.190808, 1.353537, -0.975584, 0.864494, -0.425990, 0.237624
-1.061771, -0.374718, -0.002136, -0.064945, 0.125570, -0.052923, -1.190808, 1.353537, -0.975584, 0.864494, -0.425990, 0.237624
-1.132332, -0.508393, -0.028139, -0.081582, 0.115283, -0.052187, -1.190808, 1.353537, -0.975584, 0.864494, -0.425990, 0.237624
-1.232802, -0.650613, -0.104926, -0.098146, 0.103759, -0.051519, -1.232802, 1.353537, -0.975584, 0.864494, -0.425990, 0.237624
-1.233168, -0.520479, -0.000549, -0.113455, 0.092248, -0.049783, -1.233168, 1.353537, -0.975584, 0.864494, -0.425990, 0.237624
-1.191784, -0.511079, -0.002869, -0.127734, 0.080006, -0.048361, -1.233168, 1.353537, -0.975584, 0.864494, -0.425990, 0.237624
-1.152597, -0.558811, -0.074528, -0.140378, 0.067433, -0.048271, -1.233168, 1.353537, -0.975584, 0.864494, -0.425990, 0.237624
-1.146127, -0.567478, -0.074406, -0.151376, 0.054615, -0.048805, -1.233168, 1.353537, -0.975584, 0.864494, -0.425990, 0.237624
-1.092779, -0.509614, -0.081487, -0.159946, 0.043051, -0.049355, -1.233168, 1.353537, -0.975584, 0.864494, -0.425990, 0.237624
-1.022584, -0.394372, -0.113227, -0.165607, 0.033830, -0.049661, -1.233168, 1.353537, -0.975584, 0.864494, -0.425990, 0.237624
-0.859977, -0.132027, -0.126411, -0.168956, 0.028759, -0.049150, -1.233168, 1.353537, -0.975584, 0.864494, -0.425990, 0.237624
-0.674419, -0.060001, -0.177928, -0.169650, 0.026059, -0.050250, -1.233168, 1.353537, -0.975584, 0.864494, -0.425990, 0.237624
-0.560154, -0.016297, -0.165599, -0.168786, 0.024102, -0.051479, -1.233168, 1.353537, -0.975584, 0.864494, -0.425990, 0.237624
-0.410609, 0.126045, -0.115180, -0.165772, 0.024048, -0.052587, -1.233168, 1.353537, -0.975584, 0.864494, -0.425990, 0.237624
-0.269243, 0.240310, -0.042666, -0.160703, 0.025915, -0.054137, -1.233168, 1.353537, -0.975584, 0.864494, -0.425990, 0.237624
-0.132027, 0.473479, -0.017030, -0.154144, 0.030924, -0.055632, -1.233168, 1.353537, -0.975584, 0.864494, -0.425990, 0.237624
-0.085393, 0.509614, 0.231765, -0.147297, 0.036616, -0.054724, -1.233168, 1.353537, -0.975584, 0.864494, -0.425990, 0.237624
0.031191, 0.727645, 0.378258, -0.139071, 0.045270, -0.052066, -1.233168, 1.353537, -0.975584, 0.864494, -0.425990, 0.378258
0.142648, 0.843985, 0.285113, -0.128923, 0.056316, -0.048976, -1.233168, 1.353537, -0.975584, 0.864494, -0.425990, 0.378258
0.264115, 0.923213, 0.142892, -0.116401, 0.068969, -0.046452, -1.233168, 1.353537, -0.975584, 0.923213, -0.425990, 0.378258
0.377525, 0.911982, 0.083806, -0.103026, 0.083385, -0.043145, -1.233168, 1.353537, -0.975584, 0.923213, -0.425990, 0.378258
0.488982, 0.921138, 0.158030, -0.088171, 0.099674, -0.037304, -1.233168, 1.353537, -0.975584, 0.923213, -0.382409, 0.378258
0.601904, 0.985229, 0.247024, -0.072182, 0.116179, -0.031507, -1.233168, 1.353537, -0.975584, 0.985229, -0.382409, 0.378258
0.635354, 0.920771, 0.203198, -0.055455, 0.132522, -0.027312, -1.233168, 1.353537, -0.975584, 0.985229, -0.382409, 0.378258
0.696759, 0.757432, 0.053043, -0.037756, 0.148154, -0.024965, -1.233168, 1.353537, -0.975584, 0.985229, -0.382409, 0.378258
0.773057, 0.595068, -0.017518, -0.018760, 0.161813, -0.022649, -1.233168, 1.353537, -0.975584, 0.985229, -0.382409, 0.378258
1.008912, 0.440884, -0.045840, 0.003209, 0.173295, -0.020579, -1.233168, 1.353537, -0.975584, 0.985229, -0.382409, 0.378258
1.058597, 0.430263, -0.049380, 0.025703, 0.185851, -0.018422, -1.233168, 1.353537, -0.975584, 0.985229, -0.382409, 0.378258
1.070439, 0.426601, -0.042666, 0.047535, 0.199873, -0.017519, -1.233168, 1.353537, -0.843130, 0.985229, -0.382409, 0.378258
1.086553, 0.216871, -0.054752, 0.068877, 0.210473, -0.018122, -1.233168, 1.353537, -0.772691, 0.985229, -0.382409, 0.378258
1.049930, 0.245193, -0.041445, 0.088857, 0.220652, -0.018279, -1.233168, 1.353537, -0.689800, 0.985229, -0.382409, 0.378258
1.021974, 0.195141, -0.049625, 0.108042, 0.229501, -0.017983, -1.233168, 1.353537, -0.650613, 0.985229, -0.382409, 0.378258
1.060795, 0.154489, -0.054752, 0.127391, 0.237325, -0.017626, -1.233168, 1.353537, -0.650613, 0.985229, -0.382409, 0.378258
1.100348, 0.079656, -0.085027, 0.147092, 0.243020, -0.016850, -1.233168, 1.353537, -0.650613, 0.985229, -0.382409, 0.378258
1.050052, -0.013490, -0.076238, 0.166604, 0.246779, -0.015379, -1.233168, 1.353537, -0.650613, 0.985229, -0.382409, 0.378258
1.091314, -0.059391, -0.105780, 0.185966, 0.248410, -0.014320, -1.233168, 1.353537, -0.650613, 0.985229, -0.382409, 0.378258
1.087530, -0.098456, -0.118232, 0.205160, 0.248779, -0.013813, -1.233168, 1.353537, -0.650613, 0.985229, -0.382409, 0.378258
1.091314, -0.060001, -0.126411, 0.222920, 0.246623, -0.013842, -1.233168, 1.353537, -0.650613, 0.985229, -0.382409, 0.378258
1.117439, 0.006775, -0.152170, 0.240358, 0.244033, -0.014314, -1.233168, 1.353537, -0.650613, 0.985229, -0.382409, 0.378258
1.188854, 0.048526, -0.192334, 0.257721, 0.241697, -0.015272, -1.233168, 1.353537, -0.650613, 0.985229, -0.382409, 0.378258
1.241958, 0.056583, -0.183788, 0.274560, 0.239819, -0.015929, -1.233168, 1.353537, -0.650613, 0.985229, -0.382409, 0.378258
1.297259, 0.112617, -0.153513, 0.289455, 0.238000, -0.015339, -1.233168, 1.353537, -0.650613, 0.985229, -0.382409, 0.378258
1.349875, 0.166087, -0.131295, 0.303388, 0.235467, -0.013678, -1.233168, 1.353537, -0.650613, 0.985229, -0.382409, 0.378258
1.383080, 0.219069, -0.094183, 0.315976, 0.230461, -0.012301, -1.233168, 1.383080, -0.650613, 0.985229, -0.382409, 0.378258
1.401270, 0.257645, -0.067326, 0.328073, 0.226051, -0.012226, -1.233168, 1.401270, -0.650613, 0.985229, -0.382409, 0.378258
1.372581, 0.284991, -0.084661, 0.340115, 0.222473, -0.013299, -1.233168, 1.401270, -0.650613, 0.985229, -0.382409, 0.378258
1.289324, 0.329549, -0.037905, 0.350651, 0.218884, -0.014525, -1.233168, 1.401270, -0.650613, 0.985229, -0.382409, 0.378258
1.274309, 0.430629, 0.045962, 0.358324, 0.214891, -0.015569, -1.233168, 1.401270, -0.650613, 0.985229, -0.382409, 0.378258
1.270768, 0.593969, 0.085027, 0.365099, 0.212186, -0.015443, -1.233168, 1.401270, -0.650613, 0.985229, -0.382409, 0.378258
1.215833, 0.703351, 0.059635, 0.370952, 0.211441, -0.014574, -1.233168, 1.401270, -0.650613, 0.985229, -0.382409, 0.378258
1.109504, 0.702252, 0.047427, 0.375284, 0.212647, -0.014486, -1.233168, 1.401270, -0.650613, 0.985229, -0.382409, 0.378258
0.920649, 0.692730, 0.034121, 0.376019, 0.215990, -0.015841, -1.233168, 1.401270, -0.650613, 0.985229, -0.382409, 0.378258
0.851431, 0.750107, -0.038271, 0.374735, 0.219724, -0.018600, -1.233168, 1.401270, -0.650613, 0.985229, -0.382409, 0.378258
0.780016, 0.747787, -0.050723, 0.370821, 0.223538, -0.021298, -1.233168, 1.401270, -0.650613, 0.985229, -0.382409, 0.378258
0.658304, 0.733504, -0.002869, 0.365475, 0.226949, -0.022225, -1.233168, 1.401270, -0.650613, 0.985229, -0.382409, 0.378258
0.524995, 0.647928, -0.005310, 0.358738, 0.230081, -0.022775, -1.233168, 1.401270, -0.650613, 0.985229, -0.382409, 0.378258
0.325887, 0.572484, -0.090887, 0.350172, 0.233360, -0.024619, -1.233168, 1.401270, -0.650613, 0.985229, -0.382409, 0.378258
0.180614, 0.621071, -0.102362, 0.339636, 0.237207, -0.027511, -1.233168, 1.401270, -0.650613, 0.985229, -0.382409, 0.378258
0.065251, 0.666117, -0.078313, 0.327504, 0.242218, -0.029844, -1.233168, 1.401270, -0.650613, 0.985229, -0.382409, 0.378258
0.008362, 0.744125, -0.092352, 0.314138, 0.248814, -0.031517, -1.233168, 1.401270, -0.650613, 0.985229, -0.382409, 0.378258
-0.116035, 0.650735, -0.009827, 0.299568, 0.255085, -0.031706, -1.233168, 1.401270, -0.650613, 0.985229, -0.382409, 0.378258
-0.234572, 0.492767, -0.048282, 0.283891, 0.259670, -0.032337, -1.233168, 1.401270, -0.650613, 0.985229, -0.382409, 0.378258
-0.367637, 0.360435, -0.088812, 0.267000, 0.262783, -0.033591, -1.233168, 1.401270, -0.650613, 0.985229, -0.382409, 0.378258
-0.507660, 0.147409, -0.137643, 0.248982, 0.263601, -0.035299, -1.233168, 1.401270, -0.650613, 0.985229, -0.382409, 0.378258
-0.521943, 0.203198, -0.253006, 0.231020, 0.264519, -0.038099, -1.233168, 1.401270, -0.650613, 0.985229, -0.382409, 0.378258
-0.526949, 0.160593, -0.154611, 0.212846, 0.264680, -0.039690, -1.233168, 1.401270, -0.650613, 0.985229, -0.382409, 0.378258
-0.551486, 0.122139, -0.150461, 0.194216, 0.264606, -0.041813, -1.233168, 1.401270, -0.650613, 0.985229, -0.382409, 0.378258
-0.653299, 0.149240, -0.161692, 0.174544, 0.263943, -0.044346, -1.233168, 1.401270, -0.650613, 0.985229, -0.382409, 0.378258
-0.790759, 0.015687, -0.230056, 0.153110, 0.261860, -0.046841, -1.233168, 1.401270, -0.650613, 0.985229, -0.382409, 0.378258
-0.805164, -0.243118, -0.305500, 0.131523, 0.256148, -0.050009, -1.233168, 1.401270, -0.650613, 0.985229, -0.382409, 0.378258
-0.799060, -0.345419, -0.336752, 0.110335, 0.249750, -0.053530, -1.233168, 1.401270, -0.650613, 0.985229, -0.382409, 0.378258
-0.841909, -0.469084, -0.310749, 0.089356, 0.242069, -0.056610, -1.233168, 1.401270, -0.650613, 0.985229, -0.382409, 0.378258
-0.905146, -0.567601, -0.298053, 0.068389, 0.232330, -0.059633, -1.233168, 1.401270, -0.650613, 0.985229, -0.382409, 0.378258
-0.940304, -0.696515, -0.198926, 0.048364, 0.220416, -0.062090, -1.233168, 1.401270, -0.696515, 0.985229, -0.382409, 0.378258
-0.997314, -0.843618, -0.106391, 0.028228, 0.206327, -0.063563, -1.233168, 1.401270, -0.843618, 0.985229, -0.382409, 0.378258
-1.055912, -0.823231, -0.151315, 0.007294, 0.192331, -0.064521, -1.233168, 1.401270, -0.843618, 0.985229, -0.382409, 0.378258
-1.058964, -0.773302, -0.296710, -0.012691, 0.178701, -0.066596, -1.233168, 1.401270, -0.843618, 0.985229, -0.382409, 0.378258
-1.094244, -0.780748, -0.268022, -0.030715, 0.166342, -0.068210, -1.233168, 1.401270, -0.843618, 0.985229, -0.382409, 0.378258
-1.126351, -0.803699, -0.195874, -0.046087, 0.154076, -0.068823, -1.233168, 1.401270, -0.843618, 0.985229, -0.382409, 0.378258
-1.129891, -0.823720, -0.198926, -0.059335, 0.140898, -0.069025, -1.233168, 1.401270, -0.843618, 0.985229, -0.382409, 0.378258
-1.135628, -0.812977, -0.232863, -0.071562, 0.127044, -0.067530, -1.233168, 1.401270, -0.843618, 0.985229, -0.359946, 0.378258
-1.124641, -0.789904, -0.216261, -0.083581, 0.113491, -0.066093, -1.233168, 1.401270, -0.843618, 0.985229, -0.336752, 0.378258
-1.098883, -0.697980, -0.180980, -0.093822, 0.102267, -0.065276, -1.233168, 1.401270, -0.843618, 0.985229, -0.336752, 0.378258
-1.065678, -0.642434, -0.183422, -0.102764, 0.092348, -0.065152, -1.233168, 1.401270, -0.843618, 0.985229, -0.336752, 0.378258
-1.047366, -0.594580, -0.162791, -0.109864, 0.082496, -0.065376, -1.233168, 1.401270, -0.843618, 0.985229, -0.336752, 0.378258
-0.976195, -0.623634, -0.205640, -0.113636, 0.071976, -0.065889, -1.233168, 1.401270, -0.843618, 0.985229, -0.336752, 0.378258
-0.908564, -0.606177, -0.212354, -0.115013, 0.060555, -0.067271, -1.233168, 1.401270, -0.843618, 0.985229, -0.336752, 0.378258
-0.887200, -0.472502, -0.250198, -0.114939, 0.051332, -0.069555, -1.233168, 1.401270, -0.843618, 0.985229, -0.336752, 0.378258
-0.815785, -0.243362, -0.234084, -0.114135, 0.046287, -0.072156, -1.233168, 1.401270, -0.843618, 0.985229, -0.336752, 0.378258
-0.643533, 0.008851, -0.246780, -0.111911, 0.044926, -0.075102, -1.233168, 1.401270, -0.843618, 0.985229, -0.336752, 0.378258
-0.495453, 0.379601, -0.234694, -0.107852, 0.048084, -0.077113, -1.233168, 1.401270, -0.843618, 0.985229, -0.336752, 0.378258
-0.450528, 0.502411, -0.278642, -0.102682, 0.053322, -0.079121, -1.233168, 1.401270, -0.843618, 0.985229, -0.336752, 0.378258
-0.488616, 0.488738, -0.229567, -0.098440, 0.059724, -0.080968, -1.233168, 1.401270, -0.843618, 0.985229, -0.336752, 0.378258
-0.462736, 0.476286, -0.102850, -0.093975, 0.065681, -0.081856, -1.233168, 1.401270, -0.843618, 0.985229, -0.336752, 0.378258
-0.438076, 0.479460, 0.053043, -0.088536, 0.070301, -0.081500, -1.233168, 1.401270, -0.843618, 0.985229, -0.336752, 0.378258
-0.325765, 0.503021, 0.089544, -0.081123, 0.074890, -0.081270, -1.233168, 1.401270, -0.843618, 0.985229, -0.336752, 0.378258
-0.160960, 0.546115, 0.113837, -0.072072, 0.081132, -0.080901, -1.233168, 1.401270, -0.843618, 0.985229, -0.336752, 0.378258
-0.034609, 0.589086, 0.109565, -0.062258, 0.089433, -0.080039, -1.233168, 1.401270, -0.843618, 0.985229, -0.336752, 0.378258
0.127266, 0.647195, 0.091741, -0.051042, 0.099025, -0.079043, -1.233168, 1.401270, -0.843618, 0.985229, -0.336752, 0.378258
0.287676, 0.762681, 0.107245, -0.038348, 0.109291, -0.077842, -1.233168, 1.401270, -0.843618, 0.985229, -0.336752, 0.378258
0.336629, 0.890008, 0.148019, -0.024742, 0.120997, -0.076574, -1.233168, 1.401270, -0.843618, 0.985229, -0.336752, 0.378258
0.309284, 0.995239, 0.156076, -0.011031, 0.134697, -0.074992, -1.233168, 1.401270, -0.843618, 0.995239, -0.336752, 0.378258
0.396448, 0.901239, 0.168895, 0.004257, 0.148793, -0.073022, -1.233168, 1.401270, -0.843618, 0.995239, -0.336752, 0.378258
0.422816, 0.781969, 0.216627, 0.020813, 0.163119, -0.069806, -1.233168, 1.401270, -0.843618, 0.995239, -0.336752, 0.378258
0.507050, 0.626320, 0.266801, 0.038215, 0.174587, -0.067133, -1.191784, 1.401270, -0.843618, 0.995239, -0.336752, 0.378258
0.656229, 0.524629, 0.250076, 0.056695, 0.184944, -0.064604, -1.152597, 1.401270, -0.843618, 0.995239, -0.336752, 0.378258
0.877190, 0.430874, 0.195508, 0.076993, 0.194841, -0.061903, -1.146127, 1.401270, -0.843618, 0.995239, -0.336752, 0.378258
1.071660, 0.443203, 0.118721, 0.099171, 0.204948, -0.059972, -1.135628, 1.401270, -0.843618, 0.995239, -0.336752, 0.378258
1.147836, 0.533663, 0.093451, 0.121577, 0.215381, -0.058223, -1.135628, 1.401270, -0.843618, 0.995239, -0.336752, 0.378258
1.132210, 0.529756, 0.118599, 0.143125, 0.224622, -0.055904, -1.135628, 1.401270, -0.843618, 0.995239, -0.336752, 0.378258
1.117195, 0.413416, 0.059635, 0.162897, 0.230076, -0.054044, -1.135628, 1.401270, -0.843618, 0.995239, -0.336752, 0.378258
1.105963, 0.269243, 0.010438, 0.180701, 0.233369, -0.052160, -1.135628, 1.401270, -0.843618, 0.995239, -0.336752, 0.378258
1.131112, 0.131417, -0.017396, 0.197613, 0.234846, -0.050678, -1.135628, 1.401270, -0.843618, 0.995239, -0.336752, 0.378258
1.167491, 0.092230, 0.021425, 0.213394, 0.234508, -0.049312, -1.135628, 1.401270, -0.843618, 0.995239, -0.336752, 0.378258
1.232558, 0.010926, -0.006409, 0.228412, 0.232214, -0.048949, -1.135628, 1.401270, -0.843618, 0.995239, -0.336752, 0.378258
1.243789, -0.069890, -0.071110, 0.242171, 0.226780, -0.049490, -1.135628, 1.401270, -0.843618, 0.995239, -0.336752, 0.378258
1.202893, -0.077214, -0.039248, 0.255053, 0.220912, -0.052200, -1.135628, 1.401270, -0.843618, 0.995239, -0.336752, 0.378258
1.173228, -0.045352, 0.015687, 0.266474, 0.213182, -0.055826, -1.135628, 1.401270, -0.843618, 0.995239, -0.336752, 0.285113
1.185925, -0.006165, 0.035952, 0.276907, 0.204680, -0.058318, -1.135628, 1.401270, -0.843618, 0.995239, -0.336752, 0.266801
1.205457, 0.051822, 0.045108, 0.286320, 0.195967, -0.059296, -1.135628, 1.401270, -0.843618, 0.995239, -0.336752, 0.266801
1.222059, 0.094671, 0.011781, 0.294765, 0.187793, -0.060016, -1.135628, 1.401270, -0.843618, 0.995239, -0.336752, 0.266801
1.288470, 0.155710, 0.001648, 0.302760, 0.180139, -0.061580, -1.135628, 1.401270, -0.843618, 0.995239, -0.336752, 0.266801
1.311909, 0.222243, 0.015565, 0.309860, 0.172509, -0.063894, -1.135628, 1.401270, -0.843618, 0.995239, -0.336752, 0.266801
1.339376, 0.281694, -0.002014, 0.316900, 0.166118, -0.065946, -1.135628, 1.401270, -0.843618, 0.995239, -0.336752, 0.266801
1.340231, 0.287066, 0.019716, 0.323335, 0.161415, -0.066280, -1.135628, 1.401270, -0.843618, 0.995239, -0.336752, 0.266801
1.313984, 0.355307, 0.066471, 0.328744, 0.159017, -0.065440, -1.135628, 1.401270, -0.843618, 0.995239, -0.336752, 0.266801
1.327291, 0.382409, 0.014222, 0.331928, 0.158432, -0.064839, -1.135628, 1.401270, -0.843618, 0.995239, -0.336752, 0.266801
1.245865, 0.496673, 0.076115, 0.333801, 0.159097, -0.063584, -1.135628, 1.401270, -0.843618, 0.995239, -0.336752, 0.266801
1.128914, 0.552341, 0.176708, 0.334386, 0.160354, -0.061390, -1.135628, 1.401270, -0.843618, 0.995239, -0.336752, 0.266801
1.046145, 0.588598, 0.111274, 0.333982, 0.164071, -0.059730, -1.135628, 1.401270, -0.843618, 0.995239, -0.336752, 0.266801
0.890618, 0.567112, 0.044131, 0.332388, 0.167290, -0.058874, -1.135628, 1.401270, -0.843618, 0.995239, -0.336752, 0.266801
0.787096, 0.590795, 0.033999, 0.330040, 0.171247, -0.058038, -1.135628, 1.401270, -0.843618, 0.995239, -0.336752, 0.266801
0.671123, 0.579808, 0.022401, 0.326143, 0.175500, -0.057267, -1.135628, 1.401270, -0.843618, 0.995239, -0.336752, 0.266801
0.487273, 0.549045, -0.030825, 0.320012, 0.180194, -0.056725, -1.135628, 1.401270, -0.843618, 0.995239, -0.336752, 0.266801
0.393029, 0.606299, -0.044742, 0.313442, 0.186392, -0.056410, -1.135628, 1.401270, -0.843618, 0.995239, -0.336752, 0.266801
0.291094, 0.672587, -0.041445, 0.305440, 0.193712, -0.055766, -1.135628, 1.401270, -0.843618, 0.995239, -0.336752, 0.266801
0.194165, 0.697125, -0.092962, 0.296506, 0.201668, -0.055514, -1.135628, 1.401270, -0.843618, 0.995239, -0.336752, 0.266801
0.136544, 0.773424, -0.149850, 0.286958, 0.210002, -0.055748, -1.135628, 1.401270, -0.843618, 0.995239, -0.336752, 0.266801
0.078435, 0.843008, -0.066349, 0.276568, 0.218364, -0.054890, -1.135628, 1.401270, -0.843618, 0.995239, -0.336752, 0.266801
-0.007996, 0.701764, 0.024110, 0.264600, 0.224897, -0.052725, -1.135628, 1.401270, -0.843618, 0.995239, -0.336752, 0.266801
-0.181469, 0.526216, 0.044009, 0.250366, 0.229593, -0.050447, -1.135628, 1.401270, -0.843618, 0.995239, -0.336752, 0.266801
-0.349326, 0.370201, 0.002503, 0.233900, 0.232169, -0.048887, -1.135628, 1.401270, -0.843618, 0.995239, -0.336752, 0.266801
-0.494232, 0.284991, -0.004822, 0.215459, 0.233358, -0.047622, -1.135628, 1.401270, -0.843618, 0.995239, -0.336752, 0.266801
-0.580419, 0.296832, -0.029848, 0.195824, 0.234135, -0.046979, -1.135628, 1.401270, -0.843618, 0.995239, -0.336752, 0.266801
-0.633767, 0.156687, -0.076115, 0.175473, 0.233126, -0.047067, -1.135628, 1.372581, -0.843618, 0.995239, -0.336752, 0.266801
-0.714338, 0.134713, -0.077458, 0.154604, 0.231623, -0.046995, -1.135628, 1.340231, -0.843618, 0.995239, -0.336752, 0.266801
-0.849966, 0.089910, -0.022157, 0.133211, 0.229227, -0.046838, -1.135628, 1.340231, -0.843618, 0.995239, -0.336752, 0.266801
-0.903070, 0.069767, 0.043154, 0.111437, 0.225618, -0.046866, -1.135628, 1.340231, -0.843618, 0.995239, -0.336752, 0.266801
-0.929805, -0.055606, -0.005677, 0.089432, 0.219122, -0.047773, -1.135628, 1.340231, -0.843618, 0.995239, -0.336752, 0.266801
-0.966795, -0.185619, -0.051334, 0.067605, 0.210233, -0.048882, -1.135628, 1.340231, -0.843618, 0.995239, -0.336752, 0.266801
-1.000000, -0.334798, -0.119331, 0.046510, 0.199862, -0.050550, -1.135628, 1.340231, -0.843618, 0.995239, -0.336752, 0.266801
-1.026003, -0.455777, -0.116157, 0.027044, 0.188377, -0.052053, -1.135628, 1.340231, -0.843618, 0.995239, -0.336752, 0.266801
-1.044314, -0.563694, -0.068791, 0.008086, 0.175239, -0.052358, -1.135628, 1.340231, -0.843618, 0.995239, -0.336752, 0.266801
-1.077886, -0.636086, -0.074406, -0.010493, 0.161400, -0.052595, -1.135628, 1.340231, -0.843618, 0.995239, -0.336752, 0.266801
-1.093023, -0.630471, -0.090521, -0.028006, 0.147760, -0.053471, -1.135628, 1.340231, -0.843618, 0.995239, -0.336752, 0.266801
-1.126351, -0.635720, -0.133004, -0.044519, 0.134924, -0.054748, -1.135628, 1.340231, -0.843618, 0.995239, -0.336752, 0.266801
-1.150156, -0.612647, -0.147897, -0.059280, 0.123073, -0.055318, -1.150156, 1.340231, -0.843618, 0.995239, -0.336752, 0.266801
-1.157602, -0.561375, -0.106635, -0.072662, 0.111248, -0.055361, -1.157602, 1.340231, -0.843618, 0.995239, -0.336752, 0.266801
-1.148324, -0.523164, -0.099310, -0.084798, 0.099355, -0.055571, -1.157602, 1.340231, -0.843618, 0.995239, -0.336752, 0.266801
-1.090704, -0.577123, -0.169017, -0.095788, 0.086143, -0.056338, -1.157602, 1.340231, -0.843618, 0.995239, -0.336752, 0.266801
-1.073125, -0.621559, -0.162302, -0.105359, 0.073420, -0.057862, -1.157602, 1.340231, -0.843618, 0.995239, -0.336752, 0.266801
-1.078130, -0.552951, -0.137276, -0.113795, 0.062963, -0.058752, -1.157602, 1.340231, -0.843618, 0.995239, -0.336752, 0.266801
-1.077886, -0.441006, -0.098456, -0.120897, 0.054948, -0.058849, -1.157602, 1.340231, -0.843618, 0.995239, -0.336752, 0.266801
-1.056278, -0.345175, -0.086614, -0.126384, 0.050023, -0.058338, -1.157602, 1.340231, -0.843618, 0.995239, -0.336752, 0.266801
-0.921992, -0.264726, -0.080510, -0.130384, 0.045343, -0.056614, -1.157602, 1.340231, -0.843618, 0.995239, -0.336752, 0.266801
-0.790392, -0.314411, -0.120186, -0.133018, 0.040593, -0.056269, -1.157602, 1.340231, -0.843618, 0.995239, -0.336752, 0.266801
-0.677226, -0.415736, -0.212721, -0.134276, 0.035215, -0.056892, -1.157602, 1.340231, -0.843618, 0.995239, -0.336752, 0.266801
-0.644754, -0.174388, -0.178417, -0.134190, 0.031978, -0.057059, -1.157602, 1.340231, -0.843618, 0.995239, -0.336752, 0.266801
-0.465910, 0.301471, -0.053287, -0.130942, 0.034836, -0.055291, -1.157602, 1.340231, -0.843618, 0.995239, -0.336752, 0.266801
-0.342977, 0.779161, 0.001770, -0.126320, 0.045059, -0.052219, -1.157602, 1.340231, -0.843618, 0.995239, -0.336752, 0.266801
-0.527803, 0.698102, 0.245193, -0.123607, 0.055494, -0.046399, -1.157602, 1.340231, -0.843618, 0.995239, -0.310749, 0.266801
-0.430629, 0.630593, 0.190869, -0.119495, 0.066491, -0.041383, -1.157602, 1.340231, -0.843618, 0.995239, -0.298053, 0.266801
-0.279253, 0.730330, 0.323201, -0.113236, 0.079470, -0.035171, -1.157602, 1.340231, -0.843618, 0.995239, -0.296710, 0.323201
-0.183056, 0.795276, 0.356162, -0.105663, 0.094388, -0.029620, -1.157602, 1.340231, -0.843618, 0.995239, -0.296710, 0.356162
-0.076848, 0.830922, 0.325398, -0.096459, 0.111133, -0.025302, -1.157602, 1.340231, -0.823720, 0.995239, -0.296710, 0.356162
0.127266, 0.875359, 0.052554, -0.084627, 0.128119, -0.023263, -1.157602, 1.340231, -0.823720, 0.995239, -0.296710, 0.356162
0.143747, 0.809192, 0.325154, -0.072600, 0.143944, -0.017044, -1.157602, 1.340231, -0.823720, 0.995239, -0.278642, 0.356162
0.214430, 0.797961, 0.330892, -0.059513, 0.159731, -0.011055, -1.157602, 1.340231, -0.823720, 0.995239, -0.278642, 0.356162
0.302814, 0.898675, 0.358359, -0.045221, 0.176755, -0.005513, -1.157602, 1.340231, -0.823720, 0.995239, -0.278642, 0.358359
0.465788, 0.958372, 0.382653, -0.029265, 0.194576, 0.000303, -1.157602, 1.340231, -0.812977, 0.995239, -0.278642, 0.382653
0.599463, 0.888909, 0.341024, -0.011914, 0.211595, 0.006042, -1.157602, 1.340231, -0.789904, 0.995239, -0.278642, 0.382653
0.761704, 0.659403, 0.251419, 0.006950, 0.226088, 0.010718, -1.157602, 1.340231, -0.697980, 0.995239, -0.278642, 0.382653
0.746322, 0.675273, 0.204541, 0.025402, 0.239821, 0.014574, -1.157602, 1.340231, -0.642434, 0.995239, -0.278642, 0.382653
0.725203, 0.616554, 0.089178, 0.043311, 0.252410, 0.017300, -1.157602, 1.340231, -0.636086, 0.995239, -0.278642, 0.382653
0.663065, 0.649393, -0.021547, 0.060415, 0.264850, 0.018712, -1.157602, 1.340231, -0.636086, 0.995239, -0.278642, 0.382653
0.775255, 0.651346, -0.058292, 0.077930, 0.277600, 0.020186, -1.157602, 1.340231, -0.636086, 0.995239, -0.278642, 0.382653
0.890008, 0.501557, 0.043887, 0.095915, 0.288677, 0.022748, -1.157602, 1.340231, -0.636086, 0.995239, -0.278642, 0.382653
0.947262, 0.374596, 0.075749, 0.114260, 0.297148, 0.026007, -1.157602, 1.340231, -0.636086, 0.995239, -0.278642, 0.382653
1.037234, 0.247757, 0.022157, 0.132790, 0.302059, 0.028570, -1.157602, 1.340231, -0.636086, 0.995239, -0.278642, 0.382653
1.126717, 0.117134, -0.039858, 0.150493, 0.303142, 0.030639, -1.157602, 1.340231, -0.636086, 0.995239, -0.278642, 0.382653
1.074712, 0.011292, -0.018373, 0.166194, 0.299459, 0.032802, -1.157602, 1.340231, -0.636086, 0.995239, -0.278642, 0.382653
1.038821, -0.037051, 0.011048, 0.181088, 0.294065, 0.035699, -1.157602, 1.340231, -0.636086, 0.995239, -0.229567, 0.382653
1.093390, 0.059391, 0.023256, 0.196908, 0.289771, 0.038227, -1.157602, 1.340231, -0.636086, 0.995239, -0.212721, 0.382653
1.111213, 0.138741, -0.030458, 0.212647, 0.286396, 0.038951, -1.157602, 1.340231, -0.636086, 0.995239, -0.212721, 0.382653
1.175914, -0.051334, -0.045474, 0.228787, 0.281088, 0.037966, -1.157602, 1.340231, -0.636086, 0.995239, -0.212721, 0.382653
1.247818, -0.061710, -0.049747, 0.244523, 0.275440, 0.036573, -1.157602, 1.340231, -0.636086, 0.995239, -0.212721, 0.382653
1.305561, -0.047671, -0.134224, 0.259188, 0.269503, 0.034093, -1.157602, 1.340231, -0.636086, 0.995239, -0.212721, 0.382653
1.314839, 0.012391, -0.167430, 0.272683, 0.263736, 0.031323, -1.157602, 1.340231, -0.636086, 0.995239, -0.212721, 0.382653
1.272600, 0.050479, -0.103705, 0.284136, 0.257768, 0.029368, -1.157602, 1.340231, -0.636086, 0.995239, -0.212721, 0.382653
1.217176, 0.095404, -0.035342, 0.293431, 0.251096, 0.027942, -1.157602, 1.340231, -0.636086, 0.995239, -0.212721, 0.382653
1.204114, 0.128243, -0.037539, 0.302106, 0.243478, 0.026087, -1.157602, 1.340231, -0.636086, 0.995239, -0.212721, 0.382653
1.226820, 0.183544, -0.033022, 0.311281, 0.235361, 0.024196, -1.157602, 1.340231, -0.636086, 0.958372, -0.212721, 0.382653
1.219252, 0.158274, -0.033877, 0.319509, 0.227931, 0.022168, -1.157602, 1.340231, -0.636086, 0.958372, -0.212721, 0.382653
1.202893, 0.203565, 0.002747, 0.327310, 0.222147, 0.020029, -1.157602, 1.340231, -0.636086, 0.958372, -0.212721, 0.382653
1.199353, 0.256302, -0.005310, 0.334233, 0.218447, 0.017308, -1.157602, 1.340231, -0.636086, 0.958372, -0.212721, 0.382653
1.183849, 0.357261, -0.045230, 0.339509, 0.216773, 0.014355, -1.157602, 1.340231, -0.636086, 0.958372, -0.212721, 0.382653
1.193615, 0.463224, -0.026796, 0.342674, 0.217097, 0.012132, -1.157602, 1.340231, -0.636086, 0.958372, -0.212721, 0.382653
1.207898, 0.595312, 0.008118, 0.344036, 0.218618, 0.011026, -1.157602, 1.340231, -0.636086, 0.958372, -0.212721, 0.382653
1.157969, 0.626076, 0.073674, 0.344137, 0.219542, 0.010828, -1.157602, 1.340231, -0.636086, 0.958372, -0.212721, 0.382653
1.085699, 0.571629, 0.041445, 0.343672, 0.219961, 0.010057, -1.157602, 1.340231, -0.636086, 0.958372, -0.212721, 0.382653
0.939938, 0.549533, 0.061710, 0.341900, 0.221322, 0.010078, -1.157602, 1.340231, -0.636086, 0.958372, -0.212721, 0.382653
0.786242, 0.567723, -0.096991, 0.338702, 0.224307, 0.009003, -1.157602, 1.340231, -0.636086, 0.958372, -0.212721, 0.382653
0.670634, 0.651834, -0.118965, 0.334098, 0.229511, 0.007988, -1.157602, 1.340231, -0.636086, 0.958372, -0.212721, 0.382653
0.614723, 0.720930, -0.112373, 0.328570, 0.235798, 0.006650, -1.157602, 1.340231, -0.636086, 0.958372, -0.212721, 0.382653
0.624245, 0.783922, -0.146310, 0.322487, 0.243528, 0.005251, -1.157602, 1.340231, -0.636086, 0.958372, -0.212721, 0.382653
0.570530, 0.825307, -0.138009, 0.315754, 0.252480, 0.004582, -1.157602, 1.340231, -0.636086, 0.958372, -0.212721, 0.382653
0.362754, 0.706647, -0.139962, 0.307353, 0.260319, 0.003574, -1.157602, 1.340231, -0.636086, 0.958372, -0.212721, 0.382653
0.255448, 0.691265, -0.149118, 0.298175, 0.267685, 0.001926, -1.157602, 1.340231, -0.636086, 0.958372, -0.212721, 0.382653
0.223341, 0.722517, -0.154245, 0.288549, 0.274972, 0.000024, -1.157602, 1.340231, -0.636086, 0.958372, -0.212721, 0.382653
0.097357, 0.772447, -0.143624, 0.277468, 0.282178, -0.001863, -1.157602, 1.340231, -0.636086, 0.958372, -0.212721, 0.382653
-0.034853, 0.777696, -0.099188, 0.264899, 0.289008, -0.002973, -1.157602, 1.340231, -0.636086, 0.958372, -0.212721, 0.382653
-0.195996, 0.724715, -0.046695, 0.250054, 0.294698, -0.003456, -1.157602, 1.340231, -0.636086, 0.958372, -0.212721, 0.382653
-0.341635, 0.641213, 0.129586, 0.233519, 0.298888, -0.002316, -1.157602, 1.340231, -0.636086, 0.958372, -0.212721, 0.382653
-0.383874, 0.672954, -0.061344, 0.216286, 0.302800, -0.002909, -1.157602, 1.340231, -0.636086, 0.958372, -0.212721, 0.382653
-0.431972, 0.630959, -0.036562, 0.198564, 0.306239, -0.003472, -1.157602, 1.327291, -0.636086, 0.958372, -0.212721, 0.382653
-0.538180, 0.456510, -0.018495, 0.180043, 0.307251, -0.004322, -1.157602, 1.327291, -0.636086, 0.958372, -0.212721, 0.382653
-0.621315, 0.222609, -0.058536, 0.160557, 0.305653, -0.005049, -1.157602, 1.314839, -0.636086, 0.958372, -0.212721, 0.382653
-0.686748, 0.125801, -0.045474, 0.141231, 0.301945, -0.006265, -1.157602, 1.314839, -0.636086, 0.958372, -0.212721, 0.382653
-0.687115, 0.125191, -0.015077, 0.123070, 0.297673, -0.008183, -1.157602, 1.314839, -0.636086, 0.958372, -0.212721, 0.382653
-0.737289, 0.126778, 0.029116, 0.105236, 0.293055, -0.009004, -1.157602, 1.314839, -0.636086, 0.958372, -0.212721, 0.382653
-0.856925, 0.143136, 0.042544, 0.087760, 0.288815, -0.009020, -1.157602, 1.314839, -0.636086, 0.958372, -0.212721, 0.382653
-1.018067, -0.123360, -0.030703, 0.069709, 0.281674, -0.009667, -1.157602, 1.314839, -0.636086, 0.958372, -0.212721, 0.382653
-1.057499, -0.248123, -0.050601, 0.052423, 0.273394, -0.010397, -1.157602, 1.314839, -0.636086, 0.958372, -0.212721, 0.382653
-1.098150, -0.300617, -0.033510, 0.036568, 0.264898, -0.010424, -1.157602, 1.314839, -0.636086, 0.958372, -0.212721, 0.382653
-1.117073, -0.265946, 0.010682, 0.021467, 0.256175, -0.009870, -1.157602, 1.314839, -0.636086, 0.958372, -0.212721, 0.382653
-1.094977, -0.198193, 0.013978, 0.007607, 0.247468, -0.009316, -1.157602, 1.314839, -0.636086, 0.958372, -0.212721, 0.382653
-1.072758, -0.250687, -0.010926, -0.005063, 0.237989, -0.008495, -1.157602, 1.314839, -0.636086, 0.958372, -0.212721, 0.382653
-1.050296, -0.352377, -0.051578, -0.016931, 0.226731, -0.007513, -1.157602, 1.314839, -0.636086, 0.958372, -0.212721, 0.382653
-1.056278, -0.369346, -0.029970, -0.028278, 0.214608, -0.007149, -1.157602, 1.314839, -0.636086, 0.958372, -0.212721, 0.382653
-1.074834, -0.359946, -0.015565, -0.038946, 0.203991, -0.007546, -1.157602, 1.314839, -0.636086, 0.958372, -0.212721, 0.382653
-1.085454, -0.324178, -0.006043, -0.047986, 0.195487, -0.008046, -1.157602, 1.314839, -0.636086, 0.958372, -0.212721, 0.382653
-1.085577, -0.270585, -0.007142, -0.055349, 0.189079, -0.008143, -1.157602, 1.314839, -0.636086, 0.958372, -0.212721, 0.382653
-1.077519, -0.204785, -0.013001, -0.061182, 0.184181, -0.008224, -1.157602, 1.314839, -0.636086, 0.958372, -0.212721, 0.382653
-1.071782, -0.127999, 0.017396, -0.066095, 0.179933, -0.007752, -1.157602, 1.314839, -0.636086, 0.958372, -0.212721, 0.382653
-1.061161, -0.009583, 0.027284, -0.070369, 0.178270, -0.006718, -1.157602, 1.314839, -0.636086, 0.958372, -0.212721, 0.382653
-1.002442, 0.047061, 0.036806, -0.073250, 0.177394, -0.005575, -1.157602, 1.314839, -0.636086, 0.958372, -0.212721, 0.382653
-0.947384, 0.096869, 0.043032, -0.074224, 0.177463, -0.004923, -1.157602, 1.314839, -0.636086, 0.958372, -0.212721, 0.382653
-0.897699, 0.138497, 0.072331, -0.074171, 0.178151, -0.004632, -1.157602, 1.314839, -0.636086, 0.958372, -0.212721, 0.382653
-0.833730, 0.211988, 0.087103, -0.073210, 0.180826, -0.003704, -1.157602, 1.314839, -0.636086, 0.958372, -0.212721, 0.382653
-0.702008, 0.379479, 0.091009, -0.070562, 0.186477, -0.002280, -1.157602, 1.314839, -0.636086, 0.958372, -0.212721, 0.382653
-0.630837, 0.453092, 0.086492, -0.066871, 0.194356, -0.000222, -1.157602, 1.314839, -0.636086, 0.958372, -0.212721, 0.382653
-0.564549, 0.505707, 0.093573, -0.062256, 0.203971, 0.001875, -1.157602, 1.314839, -0.636086, 0.958372, -0.212721, 0.382653
-0.477263, 0.565037, 0.147043, -0.056585, 0.215259, 0.004033, -1.157602, 1.314839, -0.636086, 0.958372, -0.212721, 0.382653
-0.342611, 0.638650, 0.190136, -0.049233, 0.228006, 0.006679, -1.157602, 1.314839, -0.635720, 0.958372, -0.212721, 0.382653
-0.204663, 0.696393, 0.239334, -0.040349, 0.241275, 0.009977, -1.157602, 1.314839, -0.635720, 0.958372, -0.212721, 0.382653
-0.069279, 0.762437, 0.238967, -0.029778, 0.255256, 0.013697, -1.157602, 1.314839, -0.621559, 0.958372, -0.212721, 0.382653
0.024599, 0.804554, 0.252884, -0.018031, 0.269428, 0.017705, -1.157602, 1.314839, -0.621559, 0.958372, -0.212721, 0.382653
0.079900, 0.825429, 0.267778, -0.005656, 0.283296, 0.021449, -1.148324, 1.314839, -0.621559, 0.958372, -0.212721, 0.382653
0.140939, 0.851553, 0.275468, 0.007237, 0.297043, 0.025197, -1.117073, 1.314839, -0.621559, 0.958372, -0.212721, 0.382653
0.284258, 0.876457, 0.290850, 0.020986, 0.311579, 0.029796, -1.117073, 1.314839, -0.621559, 0.958372, -0.212721, 0.382653
0.482146, 0.849966, 0.314533, 0.036539, 0.326294, 0.034564, -1.117073, 1.314839, -0.552951, 0.958372, -0.212721, 0.382653
0.539889, 0.859122, 0.310383, 0.052719, 0.340415, 0.039040, -1.117073, 1.314839, -0.441006, 0.958372, -0.212721, 0.382653
0.559543, 0.790270, 0.272294, 0.069094, 0.352728, 0.042748, -1.117073, 1.314839, -0.415736, 0.958372, -0.212721, 0.382653
0.652933, 0.731063, 0.252762, 0.086186, 0.363490, 0.046142, -1.117073, 1.314839, -0.415736, 0.958372, -0.212721, 0.382653
0.712141, 0.559666, 0.140084, 0.102527, 0.371734, 0.048348, -1.117073, 1.314839, -0.415736, 0.958372, -0.212721, 0.382653
0.713239, 0.562962, 0.106757, 0.117563, 0.380508, 0.050617, -1.117073, 1.314839, -0.415736, 0.958372, -0.212721, 0.382653
0.856436, 0.656717, 0.042544, 0.132900, 0.391232, 0.053170, -1.117073, 1.314839, -0.369346, 0.958372, -0.178417, 0.382653
0.999512, 0.723250, 0.034731, 0.149343, 0.400209, 0.055301, -1.117073, 1.314839, -0.369346, 0.958372, -0.167430, 0.382653
0.988281, 0.698834, 0.022768, 0.163885, 0.404182, 0.056062, -1.117073, 1.314839, -0.369346, 0.958372, -0.167430, 0.382653
0.937252, 0.611304, 0.014100, 0.176687, 0.402504, 0.056185, -1.117073, 1.314839, -0.369346, 0.958372, -0.167430, 0.382653
0.946042, 0.545627, 0.013490, 0.191425, 0.400979, 0.053868, -1.117073, 1.314839, -0.369346, 0.958372, -0.167430, 0.382653
0.994262, 0.386315, 0.012635, 0.205674, 0.398536, 0.052086, -1.117073, 1.314839, -0.369346, 0.958372, -0.167430, 0.382653
1.050784, 0.349203, 0.038638, 0.218975, 0.394725, 0.049240, -1.117073, 1.314839, -0.369346, 0.958372, -0.167430, 0.382653
1.095343, 0.296832, 0.018495, 0.231759, 0.389741, 0.045863, -1.117073, 1.314839, -0.369346, 0.958372, -0.167430, 0.382653
1.101691, 0.246536, 0.045718, 0.243544, 0.383897, 0.043067, -1.117073, 1.314839, -0.369346, 0.958372, -0.167430, 0.382653
1.070683, 0.307087, 0.069645, 0.252978, 0.378214, 0.043237, -1.117073, 1.314839, -0.369346, 0.958372, -0.167430, 0.382653
1.098028, 0.174266, 0.039858, 0.262521, 0.371865, 0.040385, -1.117073, 1.314839, -0.369346, 0.958372, -0.167430, 0.382653
1.104865, 0.247391, 0.051944, 0.271425, 0.366359, 0.037595, -1.117073, 1.314839, -0.369346, 0.958372, -0.167430, 0.382653
1.148569, 0.240066, 0.044742, 0.279883, 0.359773, 0.034459, -1.117073, 1.314839, -0.369346, 0.958372, -0.167430, 0.382653
1.139413, 0.221388, 0.032290, 0.286619, 0.352403, 0.030955, -1.117073, 1.314839, -0.369346, 0.888909, -0.167430, 0.341024
1.146738, 0.255936, 0.040835, 0.292092, 0.346073, 0.027953, -1.117073, 1.314839, -0.369346, 0.876457, -0.167430, 0.314533
1.155283, 0.302081, 0.041934, 0.296028, 0.342500, 0.025859, -1.117073, 1.314839, -0.369346, 0.876457, -0.167430, 0.314533
1.163706, 0.360190, 0.053531, 0.300201, 0.339349, 0.024348, -1.117073, 1.314839, -0.369346, 0.876457, -0.167430, 0.314533
1.164073, 0.456510, 0.085027, 0.304590, 0.337749, 0.024307, -1.117073, 1.314839, -0.369346, 0.876457, -0.167430, 0.314533
1.140145, 0.529512, 0.098822, 0.309361, 0.336550, 0.025511, -1.117073, 1.314839, -0.369346, 0.876457, -0.167430, 0.314533
1.116340, 0.510834, 0.093206, 0.312772, 0.335145, 0.027026, -1.117073, 1.314839, -0.369346, 0.876457, -0.167430, 0.314533
1.112434, 0.515962, 0.096747, 0.314996, 0.335289, 0.027554, -1.117073, 1.314839, -0.369346, 0.876457, -0.167430, 0.314533
1.122688, 0.530367, 0.064030, 0.316750, 0.336847, 0.027437, -1.117073, 1.314839, -0.369346, 0.876457, -0.167430, 0.314533
1.095098, 0.562962, 0.057926, 0.317329, 0.339999, 0.027795, -1.117073, 1.314839, -0.369346, 0.876457, -0.167430, 0.314533
0.879021, 0.638894, 0.131417, 0.314852, 0.345216, 0.029507, -1.117073, 1.314839, -0.369346, 0.876457, -0.167430, 0.314533
0.869743, 0.711286, 0.084173, 0.312802, 0.352216, 0.030533, -1.117073, 1.314839, -0.369346, 0.876457, -0.167430, 0.314533
0.821278, 0.808582, 0.078923, 0.310627, 0.360673, 0.031212, -1.117073, 1.314839, -0.369346, 0.876457, -0.167430, 0.314533
0.787829, 0.866203, 0.079534, 0.307571, 0.368741, 0.031774, -1.117073, 1.314839, -0.369346, 0.876457, -0.167430, 0.314533
0.768663, 0.844351, 0.044742, 0.304146, 0.375797, 0.032526, -1.117073, 1.314839, -0.369346, 0.876457, -0.167430, 0.314533
0.730452, 0.851309, 0.015687, 0.299691, 0.384823, 0.033138, -1.117073, 1.314839, -0.369346, 0.876457, -0.167430, 0.314533
0.545871, 0.821889, 0.035342, 0.292672, 0.393659, 0.033989, -1.117073, 1.314839, -0.369346, 0.876457, -0.167430, 0.314533
0.463346, 0.809925, 0.009095, 0.284250, 0.402235, 0.035422, -1.117073, 1.314839, -0.369346, 0.876457, -0.167430, 0.314533
0.474577, 0.851431, -0.262772, 0.275847, 0.410626, 0.034469, -1.117073, 1.272600, -0.369346, 0.876457, -0.262772, 0.314533
0.307087, 0.703351, 0.132760, 0.266192, 0.417154, 0.036833, -1.117073, 1.226820, -0.369346, 0.876457, -0.262772, 0.314533
0.209180, 0.675517, -0.134713, 0.256112, 0.422956, 0.035840, -1.117073, 1.226820, -0.369346, 0.876457, -0.262772, 0.314533
0.171458, 0.687359, -0.249954, 0.245785, 0.428547, 0.033715, -1.117073, 1.226820, -0.369346, 0.876457, -0.262772, 0.314533
0.002014, 0.732039, -0.199780, 0.233537, 0.434032, 0.032048, -1.117073, 1.219252, -0.369346, 0.876457, -0.262772, 0.314533
-0.182445, 0.676250, -0.116157, 0.219520, 0.439211, 0.031225, -1.117073, 1.207898, -0.369346, 0.876457, -0.262772, 0.314533
-0.327840, 0.646829, -0.134102, 0.204213, 0.443644, 0.029857, -1.117073, 1.207898, -0.369346, 0.876457, -0.262772, 0.314533
-0.452481, 0.633523, -0.128609, 0.187695, 0.447416, 0.028624, -1.117073, 1.207898, -0.369346, 0.876457, -0.262772, 0.314533
-0.511567, 0.606910, -0.080144, 0.170740, 0.449913, 0.028274, -1.117073, 1.207898, -0.369346, 0.876457, -0.262772, 0.314533
-0.554050, 0.551486, -0.106391, 0.153264, 0.450795, 0.027479, -1.117073, 1.207898, -0.369346, 0.876457, -0.262772, 0.314533
-0.630471, 0.451505, -0.168040, 0.134880, 0.449357, 0.025717, -1.117073, 1.164073, -0.369346, 0.876457, -0.262772, 0.314533
-0.670390, 0.338583, -0.145578, 0.116596, 0.446482, 0.023524, -1.117073, 1.164073, -0.369346, 0.876457, -0.262772, 0.314533
-0.717512, 0.304523, -0.144601, 0.098564, 0.443811, 0.021664, -1.117073, 1.164073, -0.369346, 0.876457, -0.262772, 0.314533
-0.726302, 0.245437, -0.111762, 0.081902, 0.440770, 0.019929, -1.117073, 1.164073, -0.369346, 0.876457, -0.262772, 0.314533
-0.772813, 0.197217, -0.125313, 0.066311, 0.437065, 0.019646, -1.117073, 1.164073, -0.369346, 0.876457, -0.262772, 0.314533
-0.817616, 0.153269, -0.155710, 0.051429, 0.432080, 0.019279, -1.117073, 1.164073, -0.369346, 0.876457, -0.262772, 0.314533
-0.933956, 0.056583, -0.160960, 0.035942, 0.425436, 0.018793, -1.117073, 1.164073, -0.369346, 0.876457, -0.262772, 0.314533
-0.981566, 0.068669, -0.136910, 0.019884, 0.418284, 0.018887, -1.117073, 1.164073, -0.369346, 0.876457, -0.262772, 0.314533
-1.015870, 0.079656, -0.115425, 0.004020, 0.410827, 0.019113, -1.117073, 1.164073, -0.369346, 0.876457, -0.262772, 0.314533
-1.050174, 0.029970, -0.138253, -0.010109, 0.404060, 0.019130, -1.117073, 1.164073, -0.369346, 0.876457, -0.262772, 0.314533
-1.105841, -0.079289, -0.130928, -0.023722, 0.396355, 0.019312, -1.117073, 1.164073, -0.369346, 0.876457, -0.262772, 0.314533
-1.137460, -0.150949, -0.184887, -0.037330, 0.387620, 0.019005, -1.137460, 1.164073, -0.369346, 0.876457, -0.262772, 0.314533
-1.162852, -0.168040, -0.209791, -0.049932, 0.378215, 0.018343, -1.162852, 1.164073, -0.369346, 0.876457, -0.262772, 0.314533
-1.178111, -0.145089, -0.210157, -0.061365, 0.368987, 0.017234, -1.178111, 1.164073, -0.369346, 0.876457, -0.262772, 0.314533
-1.165293, -0.111152, -0.207715, -0.071058, 0.360629, 0.015624, -1.178111, 1.164073, -0.369346, 0.876457, -0.262772, 0.314533
-1.170298, -0.064640, -0.203076, -0.079344, 0.353570, 0.012297, -1.178111, 1.164073, -0.369346, 0.876457, -0.262772, 0.314533
-1.143441, -0.065006, -0.207593, -0.086940, 0.346191, 0.010834, -1.178111, 1.164073, -0.369346, 0.876457, -0.262772, 0.314533
-1.138558, -0.019105, -0.219557, -0.094006, 0.339690, 0.009004, -1.178111, 1.164073, -0.369346, 0.876457, -0.262772, 0.314533
-1.089361, 0.016175, -0.207471, -0.099518, 0.335287, 0.007115, -1.178111, 1.164073, -0.369346, 0.876457, -0.262772, 0.314533
-0.974120, 0.018739, -0.248245, -0.103046, 0.333248, 0.005218, -1.178111, 1.164073, -0.369346, 0.876457, -0.262772, 0.314533
-0.937618, 0.041079, -0.240188, -0.105555, 0.332401, 0.003270, -1.178111, 1.164073, -0.369346, 0.876457, -0.262772, 0.314533
-0.861198, 0.059025, -0.237014, -0.107295, 0.331739, 0.001051, -1.178111, 1.164073, -0.369346, 0.876457, -0.262772, 0.314533
-0.782457, 0.133858, -0.258255, -0.107747, 0.331810, -0.001823, -1.178111, 1.164073, -0.369346, 0.876457, -0.262772, 0.314533
-0.652811, 0.183910, -0.239089, -0.105706, 0.332218, -0.004639, -1.178111, 1.164073, -0.369346, 0.876457, -0.262772, 0.314533
-0.420741, 0.345541, -0.162547, -0.099733, 0.336907, -0.005957, -1.178111, 1.164073, -0.369346, 0.876457, -0.262772, 0.314533
-0.358481, 0.634255, -0.162180, -0.092742, 0.345730, -0.007073, -1.178111, 1.164073, -0.369346, 0.876457, -0.262772, 0.314533
-0.297076, 0.834096, -0.076848, -0.084732, 0.357078, -0.007507, -1.178111, 1.164073, -0.369346, 0.876457, -0.262772, 0.314533
-0.322835, 0.937862, 0.019105, -0.076789, 0.369116, -0.007422, -1.178111, 1.164073, -0.369346, 0.937862, -0.262772, 0.314533
-0.376915, 0.868034, 0.025575, -0.069609, 0.379778, -0.007306, -1.178111, 1.164073, -0.369346, 0.937862, -0.262772, 0.314533
-0.318928, 0.844473, -0.024843, -0.062070, 0.390729, -0.007445, -1.178111, 1.164073, -0.369346, 0.937862, -0.262772, 0.314533
-0.220533, 0.834829, -0.039370, -0.053773, 0.402602, -0.007323, -1.178111, 1.164073, -0.369346, 0.937862, -0.262772, 0.314533
-0.047061, 0.788439, -0.067204, -0.043681, 0.414179, -0.007696, -1.178111, 1.164073, -0.359946, 0.937862, -0.262772, 0.314533
0.247879, 0.856803, -0.516328, -0.030453, 0.426347, -0.012703, -1.178111, 1.164073, -0.324178, 0.937862, -0.516328, 0.314533
0.092108, 0.873405, 0.145578, -0.018678, 0.438323, -0.011187, -1.178111, 1.164073, -0.270585, 0.937862, -0.516328, 0.314533
0.232253, 0.831411, -0.070378, -0.005500, 0.449343, -0.011820, -1.178111, 1.164073, -0.204785, 0.937862, -0.516328, 0.314533
0.266801, 0.762192, -0.098578, 0.007944, 0.459012, -0.012675, -1.178111, 1.164073, -0.168040, 0.937862, -0.516328, 0.314533
0.316731, 0.751816, -0.169749, 0.021829, 0.467811, -0.014547, -1.178111, 1.164073, -0.168040, 0.937862, -0.516328, 0.314533
0.428676, 0.722395, -0.180004, 0.036727, 0.475130, -0.016620, -1.178111, 1.164073, -0.168040, 0.937862, -0.516328, 0.314533
0.539889, 0.709333, -0.156443, 0.052150, 0.481753, -0.018552, -1.178111, 1.164073, -0.168040, 0.937862, -0.516328, 0.314533
0.590673, 0.687237, -0.076604, 0.067531, 0.487657, -0.019748, -1.178111, 1.164073, -0.168040, 0.937862, -0.516328, 0.314533
0.613502, 0.647439, -0.043399, 0.082643, 0.492746, -0.020906, -1.178111, 1.164073, -0.168040, 0.937862, -0.516328, 0.314533
0.698346, 0.658060, -0.041201, 0.097964, 0.497207, -0.022189, -1.178111, 1.164073, -0.168040, 0.937862, -0.516328, 0.314533
0.798450, 0.735335, 0.040347, 0.112968, 0.500765, -0.022695, -1.178111, 1.164073, -0.168040, 0.937862, -0.516328, 0.314533
0.858512, 0.862052, 0.116645, 0.127862, 0.504855, -0.022394, -1.178111, 1.164073, -0.168040, 0.937862, -0.516328, 0.314533
0.912836, 0.911616, 0.112373, 0.142636, 0.508914, -0.022206, -1.178111, 1.164073, -0.168040, 0.937862, -0.516328, 0.314533
0.922481, 0.817860, 0.104193, 0.156633, 0.511442, -0.022634, -1.178111, 1.164073, -0.168040, 0.937862, -0.516328, 0.314533
0.951901, 0.690777, 0.104560, 0.169578, 0.511964, -0.023490, -1.178111, 1.164073, -0.168040, 0.937862, -0.516328, 0.314533
1.009888, 0.731063, 0.094916, 0.181724, 0.512310, -0.024934, -1.178111, 1.164073, -0.168040, 0.937862, -0.516328, 0.314533
1.037722, 0.797961, 0.120552, 0.192794, 0.512666, -0.026119, -1.178111, 1.164073, -0.168040, 0.937862, -0.516328, 0.314533
0.987548, 0.761216, 0.146432, 0.202423, 0.512232, -0.027183, -1.178111, 1.164073, -0.168040, 0.937862, -0.516328, 0.314533
1.003174, 0.634377, 0.089666, 0.211656, 0.510322, -0.028964, -1.178111, 1.164073, -0.168040, 0.937862, -0.516328, 0.314533
0.992553, 0.629006, 0.176219, 0.220172, 0.508096, -0.029957, -1.178111, 1.164073, -0.168040, 0.937862, -0.516328, 0.314533
0.962034, 0.573949, 0.119209, 0.226950, 0.505071, -0.031673, -1.178111, 1.164073, -0.168040, 0.937862, -0.516328, 0.314533
0.917964, 0.513398, 0.118965, 0.231308, 0.501705, -0.033629, -1.178111, 1.164073, -0.168040, 0.937862, -0.516328, 0.310383
0.900140, 0.500702, 0.137276, 0.234911, 0.498121, -0.035360, -1.178111, 1.164073, -0.168040, 0.937862, -0.516328, 0.272294
0.908808, 0.481047, 0.133858, 0.238403, 0.495029, -0.036744, -1.178111, 1.164073, -0.168040, 0.937862, -0.516328, 0.252762
0.916010, 0.472746, 0.135079, 0.241034, 0.492446, -0.037921, -1.178111, 1.164073, -0.168040, 0.937862, -0.516328, 0.176219
0.900751, 0.461027, 0.147775, 0.242920, 0.491459, -0.037844, -1.178111, 1.164073, -0.168040, 0.937862, -0.516328, 0.176219
0.867912, 0.468107, 0.110908, 0.244467, 0.490511, -0.037803, -1.178111, 1.164073, -0.168040, 0.937862, -0.516328, 0.176219
0.856070, 0.449429, 0.106757, 0.244463, 0.488438, -0.037160, -1.178111, 1.164073, -0.168040, 0.937862, -0.516328, 0.176219
0.849356, 0.491424, 0.140206, 0.242962, 0.486120, -0.036106, -1.178111, 1.164073, -0.168040, 0.937862, -0.516328, 0.176219
0.858146, 0.538790, 0.153635, 0.241660, 0.484519, -0.034797, -1.178111, 1.164073, -0.168040, 0.937862, -0.516328, 0.176219
0.858024, 0.613014, 0.173778, 0.240868, 0.484536, -0.033200, -1.178111, 1.164073, -0.168040, 0.937862, -0.516328, 0.176219
0.870964, 0.595434, 0.201367, 0.240117, 0.485035, -0.031321, -1.178111, 1.164073, -0.168040, 0.937862, -0.516328, 0.201367
0.840566, 0.607642, 0.171214, 0.238580, 0.487248, -0.029736, -1.178111, 1.164073, -0.168040, 0.937862, -0.516328, 0.201367
0.792346, 0.575047, 0.118477, 0.235996, 0.489506, -0.028937, -1.178111, 1.164073, -0.168040, 0.937862, -0.516328, 0.201367
0.801990, 0.581395, 0.131539, 0.233062, 0.492352, -0.027807, -1.178111, 1.164073, -0.168040, 0.937862, -0.516328, 0.201367
0.801257, 0.574193, 0.155344, 0.230058, 0.495628, -0.026711, -1.178111, 1.164073, -0.168040, 0.937862, -0.516328, 0.201367
0.777452, 0.544528, 0.155832, 0.227126, 0.498003, -0.025849, -1.178111, 1.164073, -0.168040, 0.937862, -0.516328, 0.201367
