You entered a buffer length of 20
1.041384, -0.258378, 0.141549, 0.052069, -0.012919, 0.007077, 0.000000, 1.041384, -0.258378, 0.000000, 0.000000, 0.141549
1.034670, -0.255570, 0.135445, 0.103803, -0.025697, 0.013850, 0.000000, 1.041384, -0.258378, 0.000000, 0.000000, 0.141549
1.020753, -0.253739, 0.132149, 0.154840, -0.038384, 0.020457, 0.000000, 1.041384, -0.258378, 0.000000, 0.000000, 0.141549
1.013184, -0.253495, 0.132149, 0.205500, -0.051059, 0.027065, 0.000000, 1.041384, -0.258378, 0.000000, 0.000000, 0.141549
1.005860, -0.252152, 0.142038, 0.255793, -0.063667, 0.034167, 0.000000, 1.041384, -0.258378, 0.000000, 0.000000, 0.142038
1.008790, -0.248611, 0.148019, 0.306232, -0.076097, 0.041567, 0.000000, 1.041384, -0.258378, 0.000000, 0.000000, 0.148019
1.015626, -0.258011, 0.137765, 0.357013, -0.088998, 0.048456, 0.000000, 1.041384, -0.258378, 0.000000, 0.000000, 0.148019
1.023439, -0.270829, 0.119209, 0.408185, -0.102539, 0.054416, 0.000000, 1.041384, -0.270829, 0.000000, 0.000000, 0.148019
1.027712, -0.269609, 0.113837, 0.459571, -0.116020, 0.060108, 0.000000, 1.041384, -0.270829, 0.000000, 0.000000, 0.148019
1.029176, -0.258133, 0.127999, 0.511030, -0.128926, 0.066508, 0.000000, 1.041384, -0.270829, 0.000000, 0.000000, 0.148019
1.025514, -0.226027, 0.148263, 0.562305, -0.140228, 0.073921, 0.000000, 1.041384, -0.270829, 0.000000, 0.000000, 0.148263
1.027712, -0.197339, 0.170848, 0.613691, -0.150095, 0.082464, 0.000000, 1.041384, -0.270829, 0.000000, 0.000000, 0.170848
1.031008, -0.179027, 0.188305, 0.665241, -0.159046, 0.091879, 0.000000, 1.041384, -0.270829, 0.000000, 0.000000, 0.188305
1.045779, -0.170848, 0.203565, 0.717530, -0.167588, 0.102057, 0.000000, 1.045779, -0.270829, 0.000000, 0.000000, 0.203565
1.058353, -0.164500, 0.217726, 0.770448, -0.175813, 0.112943, 0.000000, 1.058353, -0.270829, 0.000000, 0.000000, 0.217726
1.079595, -0.165965, 0.225783, 0.824428, -0.184112, 0.124232, 0.000000, 1.079595, -0.270829, 0.000000, 0.000000, 0.225783
1.106574, -0.157541, 0.240310, 0.879756, -0.191989, 0.136248, 0.000000, 1.106574, -0.270829, 0.000000, 0.000000, 0.240310
1.136239, -0.137643, 0.265824, 0.936568, -0.198871, 0.149539, 0.000000, 1.136239, -0.270829, 0.000000, 0.000000, 0.265824
1.168101, -0.114204, 0.289874, 0.994973, -0.204581, 0.164033, 0.000000, 1.168101, -0.270829, 0.000000, 0.000000, 0.289874
1.282122, -0.034853, 0.344198, 1.059080, -0.206324, 0.181243, 1.005860, 1.282122, -0.270829, -0.034853, 0.113837, 0.344198
1.461576, 0.024232, 0.408655, 1.080089, -0.192193, 0.194598, 1.005860, 1.461576, -0.270829, 0.024232, 0.113837, 0.408655
1.548373, -0.092352, 0.394372, 1.105774, -0.184032, 0.207544, 1.005860, 1.548373, -0.270829, 0.024232, 0.113837, 0.408655
1.398706, -0.098700, 0.335042, 1.124672, -0.176280, 0.217689, 1.005860, 1.548373, -0.270829, 0.024232, 0.113837, 0.408655
1.231215, 0.401941, 0.361533, 1.135574, -0.143509, 0.229158, 1.005860, 1.548373, -0.270829, 0.401941, 0.113837, 0.408655
1.275652, 0.710798, 0.324422, 1.149063, -0.095361, 0.238277, 1.008790, 1.548373, -0.270829, 0.710798, 0.113837, 0.408655
1.330953, 0.675395, 0.212843, 1.165171, -0.049161, 0.241519, 1.015626, 1.548373, -0.270829, 0.710798, 0.113837, 0.408655
1.134652, 0.349814, 0.087835, 1.171123, -0.018769, 0.239022, 1.023439, 1.548373, -0.270829, 0.710798, 0.087835, 0.408655
0.768174, 0.380089, -0.066105, 1.158359, 0.013776, 0.229756, 0.768174, 1.548373, -0.269609, 0.710798, -0.066105, 0.408655
0.505097, 0.613380, -0.170482, 1.132229, 0.057926, 0.215540, 0.505097, 1.548373, -0.258133, 0.710798, -0.170482, 0.408655
0.411951, 0.784411, -0.266679, 1.101367, 0.110053, 0.195807, 0.411951, 1.548373, -0.226027, 0.784411, -0.266679, 0.408655
0.296100, 0.784044, -0.333089, 1.064897, 0.160557, 0.171739, 0.296100, 1.548373, -0.197339, 0.784411, -0.333089, 0.408655
0.194775, 0.755844, -0.374351, 1.023250, 0.208216, 0.144479, 0.194775, 1.548373, -0.179027, 0.784411, -0.374351, 0.408655
0.055973, 0.626686, -0.468229, 0.974498, 0.248501, 0.111652, 0.055973, 1.548373, -0.170848, 0.784411, -0.468229, 0.408655
-0.122627, 0.480193, -0.563816, 0.916078, 0.281053, 0.073283, -0.122627, 1.548373, -0.165965, 0.784411, -0.563816, 0.408655
-0.269731, 0.349203, -0.654032, 0.849674, 0.306739, 0.029695, -0.269731, 1.548373, -0.165965, 0.784411, -0.654032, 0.408655
-0.404749, 0.306110, -0.701032, 0.775456, 0.330342, -0.016645, -0.404749, 1.548373, -0.157541, 0.784411, -0.701032, 0.408655
-0.488982, 0.265702, -0.723860, 0.695678, 0.351504, -0.064854, -0.488982, 1.548373, -0.137643, 0.784411, -0.723860, 0.408655
-0.505097, 0.203076, -0.727400, 0.613612, 0.368540, -0.114515, -0.505097, 1.548373, -0.114204, 0.784411, -0.727400, 0.408655
-0.469206, 0.148263, -0.729720, 0.531746, 0.381664, -0.165495, -0.505097, 1.548373, -0.098700, 0.784411, -0.729720, 0.408655
-0.436123, 0.157908, -0.693219, 0.445834, 0.391302, -0.217366, -0.505097, 1.548373, -0.098700, 0.784411, -0.729720, 0.408655
-0.446621, 0.032656, -0.707746, 0.350424, 0.391723, -0.273186, -0.505097, 1.548373, -0.098700, 0.784411, -0.729720, 0.394372
-0.478484, -0.060001, -0.715681, 0.249081, 0.393341, -0.328688, -0.505097, 1.398706, -0.098700, 0.784411, -0.729720, 0.361533
-0.513764, -0.118965, -0.716413, 0.153458, 0.392327, -0.381261, -0.513764, 1.330953, -0.118965, 0.784411, -0.729720, 0.361533
-0.557712, 0.065617, -0.680034, 0.064012, 0.375511, -0.433339, -0.557712, 1.330953, -0.118965, 0.784411, -0.729720, 0.324422
-0.591039, 0.153147, -0.670024, -0.029323, 0.347629, -0.483062, -0.591039, 1.330953, -0.118965, 0.784411, -0.729720, 0.212843
-0.656717, 0.065739, -0.680523, -0.128706, 0.317146, -0.527730, -0.656717, 1.134652, -0.118965, 0.784411, -0.729720, 0.087835
-0.717878, -0.092962, -0.719099, -0.221333, 0.295007, -0.568077, -0.717878, 0.768174, -0.118965, 0.784411, -0.729720, -0.066105
-0.819813, -0.247146, -0.743148, -0.300732, 0.263645, -0.601929, -0.819813, 0.505097, -0.247146, 0.784411, -0.743148, -0.170482
-0.901972, -0.387048, -0.792102, -0.371086, 0.213624, -0.633010, -0.901972, 0.411951, -0.387048, 0.784411, -0.792102, -0.266679
-0.945431, -0.389001, -0.808338, -0.438955, 0.154953, -0.660093, -0.945431, 0.296100, -0.389001, 0.784044, -0.808338, -0.333089
-0.886346, -0.372276, -0.827260, -0.498077, 0.097137, -0.684801, -0.945431, 0.194775, -0.389001, 0.755844, -0.827260, -0.374351
-0.713850, -0.219435, -0.759507, -0.543508, 0.048373, -0.704059, -0.945431, 0.055973, -0.389001, 0.626686, -0.827260, -0.468229
-0.599097, -0.033632, -0.673442, -0.576262, 0.015357, -0.714320, -0.945431, -0.122627, -0.389001, 0.480193, -0.827260, -0.563816
-0.455167, 0.222731, -0.604834, -0.592889, 0.002484, -0.716371, -0.945431, -0.269731, -0.389001, 0.349203, -0.827260, -0.604834
-0.286211, 0.383507, -0.575291, -0.593713, 0.004200, -0.712434, -0.945431, -0.286211, -0.389001, 0.383507, -0.827260, -0.575291
-0.166453, 0.468229, -0.506073, -0.581798, 0.012305, -0.702686, -0.945431, -0.166453, -0.389001, 0.468229, -0.827260, -0.506073
-0.001404, 0.522554, -0.437710, -0.557419, 0.025148, -0.688378, -0.945431, -0.001404, -0.389001, 0.522554, -0.827260, -0.437710
0.215162, 0.676738, -0.306232, -0.521406, 0.048831, -0.667320, -0.945431, 0.215162, -0.389001, 0.676738, -0.827260, -0.306232
0.385583, 0.761582, -0.225905, -0.478667, 0.079497, -0.642129, -0.945431, 0.385583, -0.389001, 0.761582, -0.827260, -0.225905
0.522188, 0.705793, -0.139962, -0.430751, 0.106891, -0.614466, -0.945431, 0.522188, -0.389001, 0.761582, -0.827260, -0.139962
0.587621, 0.511323, -0.058170, -0.379039, 0.130825, -0.581987, -0.945431, 0.587621, -0.389001, 0.761582, -0.827260, -0.058170
0.780138, 0.660624, 0.005188, -0.316108, 0.166856, -0.545944, -0.945431, 0.780138, -0.389001, 0.761582, -0.827260, 0.005188
0.848379, 0.683330, 0.119697, -0.248001, 0.206971, -0.504138, -0.945431, 0.848379, -0.389001, 0.761582, -0.827260, 0.119697
0.945797, 0.681133, 0.157541, -0.172825, 0.237746, -0.462260, -0.945431, 0.945797, -0.389001, 0.761582, -0.827260, 0.157541
0.998291, 0.604102, 0.248733, -0.093359, 0.260294, -0.416322, -0.945431, 0.998291, -0.389001, 0.761582, -0.827260, 0.248733
1.058475, 0.368492, 0.263383, -0.007599, 0.275432, -0.369127, -0.945431, 1.058475, -0.389001, 0.761582, -0.827260, 0.263383
1.078984, 0.083684, 0.262406, 0.082244, 0.284264, -0.320051, -0.945431, 1.078984, -0.389001, 0.761582, -0.827260, 0.263383
1.085577, -0.058658, 0.276933, 0.177513, 0.293689, -0.269047, -0.945431, 1.085577, -0.389001, 0.761582, -0.827260, 0.276933
1.064335, -0.117256, 0.277422, 0.275829, 0.307178, -0.215571, -0.945431, 1.085577, -0.389001, 0.761582, -0.827260, 0.277422
1.049442, -0.015565, 0.294757, 0.375572, 0.325850, -0.160416, -0.886346, 1.085577, -0.372276, 0.761582, -0.827260, 0.294757
1.054813, 0.035219, 0.287676, 0.472630, 0.346225, -0.104670, -0.713850, 1.085577, -0.219435, 0.761582, -0.759507, 0.294757
1.088140, 0.014955, 0.281450, 0.562730, 0.357944, -0.052622, -0.599097, 1.088140, -0.117256, 0.761582, -0.673442, 0.294757
1.105231, -0.063908, 0.277422, 0.647946, 0.356430, -0.005078, -0.455167, 1.105231, -0.117256, 0.761582, -0.604834, 0.294757
1.120491, -0.089422, 0.274248, 0.726729, 0.340823, 0.038876, -0.286211, 1.120491, -0.117256, 0.761582, -0.575291, 0.294757
1.094122, -0.047183, 0.289019, 0.795746, 0.319288, 0.082091, -0.166453, 1.120491, -0.117256, 0.761582, -0.506073, 0.294757
1.090582, -0.030580, 0.290240, 0.858597, 0.294348, 0.121907, -0.001404, 1.120491, -0.117256, 0.761582, -0.437710, 0.294757
1.047732, 0.015443, 0.296466, 0.911054, 0.268992, 0.158616, 0.215162, 1.120491, -0.117256, 0.761582, -0.306232, 0.296466
1.085699, 0.139352, 0.323201, 0.954581, 0.242123, 0.190087, 0.385583, 1.120491, -0.117256, 0.761582, -0.225905, 0.323201
1.148691, 0.197461, 0.293780, 0.992736, 0.213917, 0.216072, 0.522188, 1.148691, -0.117256, 0.705793, -0.139962, 0.323201
1.231948, 0.273393, 0.308674, 1.028224, 0.192297, 0.238503, 0.587621, 1.231948, -0.117256, 0.683330, -0.058170, 0.323201
1.276750, 0.292193, 0.306232, 1.062681, 0.181340, 0.256723, 0.780138, 1.276750, -0.117256, 0.683330, 0.005188, 0.323201
1.193738, 0.276323, 0.302081, 1.083361, 0.162125, 0.271568, 0.848379, 1.276750, -0.117256, 0.683330, 0.119697, 0.323201
1.076787, 0.353110, 0.296954, 1.094781, 0.145614, 0.280431, 0.945797, 1.276750, -0.117256, 0.681133, 0.157541, 0.323201
1.016358, 0.393396, 0.228469, 1.098309, 0.131228, 0.283977, 0.998291, 1.276750, -0.117256, 0.604102, 0.228469, 0.323201
0.978514, 0.511933, 0.165721, 1.097320, 0.126619, 0.279827, 0.978514, 1.276750, -0.117256, 0.511933, 0.165721, 0.323201
0.982909, 0.640847, 0.112739, 1.093542, 0.140237, 0.272294, 0.978514, 1.276750, -0.117256, 0.640847, 0.112739, 0.323201
0.995117, 0.833120, 0.094549, 1.089349, 0.177709, 0.263902, 0.978514, 1.276750, -0.117256, 0.833120, 0.094549, 0.323201
0.875725, 0.874138, 0.068913, 1.078856, 0.224348, 0.253501, 0.875725, 1.276750, -0.117256, 0.874138, 0.068913, 0.323201
0.686871, 0.700177, -0.045230, 1.059983, 0.265220, 0.237368, 0.686871, 1.276750, -0.089422, 0.874138, -0.045230, 0.323201
0.498993, 0.573582, -0.237258, 1.032461, 0.294677, 0.210767, 0.498993, 1.276750, -0.089422, 0.874138, -0.237258, 0.323201
0.353354, 0.433071, -0.358970, 0.997388, 0.314570, 0.178435, 0.353354, 1.276750, -0.089422, 0.874138, -0.358970, 0.323201
-0.011903, 0.506562, -0.459440, 0.942385, 0.339150, 0.141391, -0.011903, 1.276750, -0.089422, 0.874138, -0.459440, 0.323201
-0.288165, 0.496429, -0.586523, 0.872716, 0.367167, 0.098193, -0.288165, 1.276750, -0.089422, 0.874138, -0.586523, 0.323201
-0.486541, 0.452237, -0.684551, 0.792364, 0.394250, 0.050253, -0.486541, 1.276750, -0.047183, 0.874138, -0.684551, 0.323201
-0.559666, 0.503998, -0.685894, 0.709675, 0.421809, 0.001508, -0.559666, 1.276750, -0.030580, 0.874138, -0.685894, 0.323201
-0.535738, 0.539645, -0.651834, 0.628359, 0.450321, -0.045596, -0.559666, 1.276750, 0.015443, 0.874138, -0.685894, 0.323201
-0.537325, 0.486663, -0.627663, 0.549106, 0.473881, -0.091802, -0.559666, 1.276750, 0.139352, 0.874138, -0.685894, 0.323201
-0.576268, 0.357993, -0.613746, 0.466007, 0.484814, -0.138650, -0.576268, 1.276750, 0.197461, 0.874138, -0.685894, 0.308674
-0.591772, 0.298541, -0.625587, 0.378984, 0.489868, -0.184618, -0.591772, 1.276750, 0.273393, 0.874138, -0.685894, 0.308674
-0.588842, 0.236282, -0.620826, 0.287945, 0.488012, -0.231093, -0.591772, 1.276750, 0.236282, 0.874138, -0.685894, 0.306232
-0.583959, 0.219191, -0.604590, 0.194909, 0.484362, -0.276634, -0.591772, 1.193738, 0.219191, 0.874138, -0.685894, 0.302081
-0.569920, 0.297198, -0.587011, 0.106726, 0.485406, -0.321089, -0.591772, 1.076787, 0.219191, 0.874138, -0.685894, 0.296954
-0.604834, 0.311237, -0.590307, 0.022645, 0.483312, -0.365452, -0.604834, 1.016358, 0.219191, 0.874138, -0.685894, 0.228469
-0.666728, 0.203687, -0.600806, -0.061509, 0.473827, -0.406916, -0.666728, 0.995117, 0.203687, 0.874138, -0.685894, 0.165721
-0.699567, 0.176952, -0.624733, -0.145413, 0.457078, -0.446438, -0.699567, 0.995117, 0.176952, 0.874138, -0.685894, 0.112739
-0.729476, 0.193310, -0.626686, -0.231032, 0.434701, -0.483410, -0.729476, 0.995117, 0.176952, 0.874138, -0.685894, 0.094549
-0.749741, 0.154245, -0.636208, -0.318275, 0.400757, -0.519948, -0.749741, 0.875725, 0.154245, 0.874138, -0.685894, 0.068913
-0.779283, 0.148996, -0.642312, -0.401025, 0.364500, -0.555509, -0.779283, 0.686871, 0.148996, 0.700177, -0.685894, -0.045230
-0.780138, 0.139840, -0.644021, -0.474376, 0.336483, -0.585448, -0.780138, 0.498993, 0.139840, 0.573582, -0.685894, -0.237258
-0.751694, 0.169383, -0.643167, -0.536910, 0.316273, -0.605744, -0.780138, 0.353354, 0.139840, 0.539645, -0.685894, -0.358970
-0.711286, 0.227736, -0.618629, -0.590142, 0.306006, -0.618727, -0.780138, -0.011903, 0.139840, 0.539645, -0.685894, -0.459440
-0.687969, 0.279497, -0.599463, -0.623946, 0.294653, -0.625728, -0.780138, -0.288165, 0.139840, 0.539645, -0.685894, -0.586523
-0.653177, 0.348349, -0.570775, -0.642196, 0.287249, -0.624940, -0.780138, -0.486541, 0.139840, 0.539645, -0.685894, -0.570775
-0.577977, 0.533541, -0.487029, -0.646768, 0.291314, -0.615064, -0.780138, -0.535738, 0.139840, 0.539645, -0.685894, -0.487029
-0.455899, 0.659525, -0.458585, -0.641580, 0.299091, -0.603699, -0.780138, -0.455899, 0.139840, 0.659525, -0.651834, -0.458585
-0.357627, 0.773912, -0.401453, -0.632674, 0.310804, -0.591180, -0.780138, -0.357627, 0.139840, 0.773912, -0.644021, -0.401453
-0.288897, 0.823476, -0.367515, -0.620253, 0.327645, -0.578172, -0.780138, -0.288897, 0.139840, 0.823476, -0.644021, -0.367515
-0.228713, 0.885369, -0.345541, -0.602875, 0.354013, -0.564762, -0.780138, -0.228713, 0.139840, 0.885369, -0.644021, -0.345541
-0.159739, 0.928218, -0.275835, -0.581273, 0.385497, -0.547275, -0.780138, -0.159739, 0.139840, 0.928218, -0.644021, -0.275835
-0.080388, 0.962766, -0.269365, -0.555851, 0.421821, -0.529702, -0.780138, -0.080388, 0.139840, 0.962766, -0.644021, -0.269365
0.182201, 0.928096, -0.169261, -0.517543, 0.457267, -0.507935, -0.780138, 0.182201, 0.139840, 0.962766, -0.644021, -0.169261
0.211133, 0.787951, -0.019593, -0.478490, 0.481804, -0.479564, -0.780138, 0.211133, 0.139840, 0.962766, -0.644021, -0.019593
0.471281, 0.997925, 0.065251, -0.424684, 0.516139, -0.446786, -0.780138, 0.471281, 0.139840, 0.997925, -0.644021, 0.065251
0.567234, 0.957151, 0.113227, -0.362986, 0.553812, -0.411085, -0.780138, 0.567234, 0.139840, 0.997925, -0.644021, 0.113227
0.634133, 0.840566, 0.119575, -0.296301, 0.586993, -0.373869, -0.780138, 0.634133, 0.139840, 0.997925, -0.644021, 0.119575
0.638772, 0.763047, 0.115913, -0.227889, 0.615479, -0.336739, -0.780138, 0.638772, 0.139840, 0.997925, -0.644021, 0.119575
0.707013, 0.678081, 0.111152, -0.155051, 0.641671, -0.299371, -0.780138, 0.707013, 0.139840, 0.997925, -0.644021, 0.119575
0.771837, 0.693097, 0.135934, -0.077495, 0.668876, -0.260459, -0.780138, 0.771837, 0.139840, 0.997925, -0.644021, 0.135934
0.853140, 0.574925, 0.154489, 0.004169, 0.690631, -0.220533, -0.751694, 0.853140, 0.169383, 0.997925, -0.643167, 0.154489
0.987304, 0.402063, 0.165965, 0.091119, 0.702265, -0.180077, -0.711286, 0.987304, 0.227736, 0.997925, -0.618629, 0.165965
0.975584, 0.136666, 0.229934, 0.175462, 0.697711, -0.137649, -0.687969, 0.987304, 0.136666, 0.997925, -0.599463, 0.229934
0.956540, 0.241287, 0.196118, 0.257688, 0.695801, -0.097870, -0.653177, 0.987304, 0.136666, 0.997925, -0.570775, 0.229934
0.964475, 0.265702, 0.198315, 0.338570, 0.691668, -0.059415, -0.577977, 0.987304, 0.136666, 0.997925, -0.487029, 0.229934
1.020875, 0.249710, 0.166453, 0.418513, 0.677477, -0.026741, -0.455899, 1.020875, 0.136666, 0.997925, -0.458585, 0.229934
1.082158, 0.133736, 0.192211, 0.495416, 0.651187, 0.005799, -0.357627, 1.082158, 0.133736, 0.997925, -0.401453, 0.229934
1.069340, 0.048282, 0.243606, 0.566764, 0.614906, 0.038052, -0.288897, 1.082158, 0.048282, 0.997925, -0.367515, 0.243606
1.064945, 0.029848, 0.221876, 0.634456, 0.575224, 0.067521, -0.228713, 1.082158, 0.029848, 0.997925, -0.345541, 0.243606
1.026369, 0.106147, 0.196606, 0.697210, 0.536263, 0.094629, -0.159739, 1.082158, 0.029848, 0.997925, -0.275835, 0.243606
1.027467, 0.163279, 0.182201, 0.756571, 0.498016, 0.117530, -0.080388, 1.082158, 0.029848, 0.997925, -0.269365, 0.243606
1.018312, 0.161448, 0.183056, 0.811506, 0.457950, 0.140151, 0.182201, 1.082158, 0.029848, 0.997925, -0.169261, 0.243606
0.985839, 0.129708, 0.201367, 0.851688, 0.418031, 0.158683, 0.211133, 1.082158, 0.029848, 0.997925, -0.019593, 0.243606
1.010377, 0.072087, 0.184765, 0.891650, 0.382238, 0.168901, 0.471281, 1.082158, 0.029848, 0.997925, 0.065251, 0.243606
0.989257, 0.212232, 0.202222, 0.917549, 0.342953, 0.175749, 0.567234, 1.082158, 0.029848, 0.957151, 0.111152, 0.243606
0.978758, 0.323689, 0.225905, 0.938125, 0.311280, 0.181383, 0.634133, 1.082158, 0.029848, 0.840566, 0.111152, 0.243606
1.018312, 0.345907, 0.214308, 0.957334, 0.286547, 0.186120, 0.638772, 1.082158, 0.029848, 0.763047, 0.111152, 0.243606
1.012940, 0.391442, 0.252030, 0.976042, 0.267967, 0.192926, 0.707013, 1.082158, 0.029848, 0.693097, 0.111152, 0.252030
1.049808, 0.378624, 0.247757, 0.993182, 0.252994, 0.199756, 0.771837, 1.082158, 0.029848, 0.693097, 0.135934, 0.252030
1.096075, 0.414637, 0.263993, 1.009394, 0.239071, 0.206159, 0.853140, 1.096075, 0.029848, 0.574925, 0.154489, 0.263993
1.023439, 0.476408, 0.235183, 1.017909, 0.234145, 0.210194, 0.956540, 1.096075, 0.029848, 0.476408, 0.165965, 0.263993
0.923335, 0.466276, 0.203565, 1.014710, 0.237356, 0.212074, 0.923335, 1.096075, 0.029848, 0.476408, 0.166453, 0.263993
0.887566, 0.534884, 0.155588, 1.010309, 0.257267, 0.208356, 0.887566, 1.096075, 0.029848, 0.534884, 0.155588, 0.263993
0.839468, 0.681865, 0.135079, 1.004456, 0.279296, 0.205304, 0.839468, 1.096075, 0.029848, 0.681865, 0.135079, 0.263993
0.777818, 0.846182, 0.134957, 0.995123, 0.308320, 0.202136, 0.777818, 1.096075, 0.029848, 0.846182, 0.134957, 0.263993
0.663798, 0.851553, 0.092352, 0.977269, 0.338412, 0.198431, 0.663798, 1.096075, 0.029848, 0.851553, 0.092352, 0.263993
0.498260, 0.900507, 0.035342, 0.948074, 0.376750, 0.190588, 0.498260, 1.096075, 0.029848, 0.900507, 0.035342, 0.263993
0.400476, 0.953732, 0.007752, 0.914631, 0.422023, 0.178795, 0.400476, 1.096075, 0.029848, 0.953732, 0.007752, 0.263993
0.286456, 0.895746, -0.009583, 0.875707, 0.465318, 0.167222, 0.286456, 1.096075, 0.072087, 0.953732, -0.009583, 0.263993
0.239944, 0.886590, -0.036806, 0.836385, 0.504340, 0.155552, 0.239944, 1.096075, 0.072087, 0.953732, -0.036806, 0.263993
0.193188, 0.889520, -0.030703, 0.794671, 0.540652, 0.144906, 0.193188, 1.096075, 0.072087, 0.953732, -0.036806, 0.263993
0.083440, 0.874138, -0.073796, 0.747928, 0.576286, 0.132064, 0.083440, 1.096075, 0.072087, 0.953732, -0.073796, 0.263993
-0.067082, 0.811268, -0.137276, 0.695282, 0.610364, 0.115132, -0.067082, 1.096075, 0.072087, 0.953732, -0.137276, 0.263993
-0.194409, 0.760361, -0.238723, 0.635042, 0.644778, 0.093957, -0.194409, 1.096075, 0.212232, 0.953732, -0.238723, 0.263993
-0.262528, 0.726546, -0.272905, 0.572453, 0.670494, 0.070201, -0.262528, 1.096075, 0.323689, 0.953732, -0.272905, 0.263993
-0.342245, 0.688946, -0.289141, 0.506403, 0.688757, 0.044449, -0.342245, 1.096075, 0.345907, 0.953732, -0.289141, 0.263993
-0.421229, 0.673076, -0.325032, 0.434426, 0.705115, 0.017482, -0.421229, 1.096075, 0.378624, 0.953732, -0.325032, 0.263993
-0.477385, 0.629006, -0.354697, 0.359910, 0.716993, -0.012855, -0.477385, 1.096075, 0.378624, 0.953732, -0.354697, 0.263993
-0.531099, 0.546603, -0.385216, 0.280864, 0.725392, -0.044503, -0.531099, 1.096075, 0.414637, 0.953732, -0.385216, 0.263993
-0.565769, 0.432582, -0.409144, 0.197772, 0.726289, -0.078160, -0.565769, 1.023439, 0.432582, 0.953732, -0.409144, 0.235183
-0.598242, 0.430385, -0.404383, 0.116688, 0.723988, -0.110139, -0.598242, 0.923335, 0.430385, 0.953732, -0.409144, 0.203565
-0.650735, 0.420253, -0.399011, 0.037985, 0.721687, -0.140267, -0.650735, 0.887566, 0.420253, 0.953732, -0.409144, 0.155588
-0.751694, 0.288653, -0.424037, -0.043978, 0.709376, -0.169249, -0.751694, 0.839468, 0.288653, 0.953732, -0.424037, 0.135079
-0.829579, 0.205762, -0.434047, -0.127431, 0.685570, -0.197705, -0.829579, 0.777818, 0.205762, 0.953732, -0.434047, 0.134957
-0.818714, 0.246536, -0.407923, -0.207257, 0.655588, -0.224849, -0.829579, 0.663798, 0.205762, 0.953732, -0.434047, 0.092352
-0.868156, 0.246902, -0.377770, -0.283855, 0.625356, -0.248355, -0.868156, 0.498260, 0.205762, 0.953732, -0.434047, 0.035342
-0.902338, 0.213575, -0.347494, -0.353885, 0.591009, -0.267497, -0.902338, 0.400476, 0.205762, 0.953732, -0.434047, 0.007752
-0.919551, 0.237502, -0.326131, -0.419886, 0.555198, -0.284191, -0.919551, 0.286456, 0.205762, 0.895746, -0.434047, -0.009583
-0.947873, 0.302570, -0.303058, -0.481603, 0.525539, -0.298865, -0.947873, 0.239944, 0.205762, 0.889520, -0.434047, -0.030703
-0.923946, 0.315632, -0.329427, -0.539797, 0.496991, -0.313496, -0.947873, 0.193188, 0.205762, 0.889520, -0.434047, -0.030703
-0.898798, 0.349814, -0.271684, -0.594397, 0.470005, -0.325545, -0.947873, 0.083440, 0.205762, 0.874138, -0.434047, -0.073796
-0.802844, 0.462003, -0.249100, -0.638711, 0.449399, -0.334310, -0.947873, -0.067082, 0.205762, 0.811268, -0.434047, -0.137276
-0.749252, 0.505707, -0.231154, -0.672819, 0.434121, -0.339004, -0.947873, -0.194409, 0.205762, 0.760361, -0.434047, -0.231154
-0.762070, 0.502289, -0.211133, -0.701202, 0.421217, -0.337624, -0.947873, -0.262528, 0.205762, 0.726546, -0.434047, -0.211133
-0.730452, 0.506317, -0.196972, -0.724599, 0.410206, -0.333828, -0.947873, -0.342245, 0.205762, 0.688946, -0.434047, -0.196972
-0.685894, 0.456144, -0.098456, -0.741781, 0.398566, -0.324293, -0.947873, -0.421229, 0.205762, 0.673076, -0.434047, -0.098456
-0.618995, 0.632058, -0.178539, -0.751669, 0.396515, -0.316969, -0.947873, -0.477385, 0.205762, 0.632058, -0.434047, -0.098456
-0.586034, 0.642312, -0.150583, -0.757102, 0.397180, -0.306763, -0.947873, -0.531099, 0.205762, 0.642312, -0.434047, -0.098456
-0.584203, 0.690167, -0.134591, -0.759757, 0.404358, -0.294232, -0.947873, -0.565769, 0.205762, 0.690167, -0.434047, -0.098456
-0.632424, 0.679058, -0.118843, -0.763090, 0.416682, -0.279717, -0.947873, -0.584203, 0.205762, 0.690167, -0.434047, -0.098456
-0.568943, 0.699322, -0.174266, -0.761625, 0.430129, -0.268211, -0.947873, -0.568943, 0.205762, 0.699322, -0.434047, -0.098456
-0.515107, 0.780260, -0.150583, -0.754843, 0.448129, -0.255790, -0.947873, -0.515107, 0.205762, 0.780260, -0.434047, -0.098456
-0.461271, 0.847891, -0.111640, -0.740322, 0.476091, -0.240170, -0.947873, -0.461271, 0.205762, 0.847891, -0.434047, -0.098456
-0.399744, 0.838979, -0.064884, -0.718830, 0.507752, -0.221712, -0.947873, -0.399744, 0.213575, 0.847891, -0.407923, -0.064884
-0.343222, 0.916010, 0.025209, -0.695056, 0.541226, -0.200055, -0.947873, -0.343222, 0.213575, 0.916010, -0.377770, 0.025209
-0.258255, 0.927364, -0.087835, -0.664561, 0.575249, -0.185558, -0.947873, -0.258255, 0.213575, 0.927364, -0.347494, 0.025209
-0.184521, 0.945431, 0.156565, -0.628670, 0.611841, -0.160355, -0.947873, -0.184521, 0.237502, 0.945431, -0.329427, 0.156565
0.113837, 0.974974, 0.211256, -0.577001, 0.648715, -0.133486, -0.947873, 0.113837, 0.302570, 0.974974, -0.329427, 0.211256
0.365806, 0.928096, 0.169505, -0.511317, 0.679991, -0.109858, -0.923946, 0.365806, 0.315632, 0.974974, -0.329427, 0.211256
0.472014, 0.837515, 0.206250, -0.441519, 0.706086, -0.083074, -0.898798, 0.472014, 0.349814, 0.974974, -0.271684, 0.211256
0.506806, 0.597510, 0.219923, -0.371238, 0.718470, -0.058494, -0.802844, 0.506806, 0.456144, 0.974974, -0.249100, 0.219923
0.540133, 0.497406, 0.192089, -0.304090, 0.720240, -0.036434, -0.762070, 0.540133, 0.456144, 0.974974, -0.231154, 0.219923
0.633645, 0.537814, 0.152292, -0.234945, 0.721846, -0.017262, -0.762070, 0.633645, 0.456144, 0.974974, -0.211133, 0.219923
0.728133, 0.591528, 0.121650, -0.160435, 0.726308, -0.000623, -0.730452, 0.728133, 0.456144, 0.974974, -0.196972, 0.219923
0.790515, 0.523164, 0.112983, -0.084386, 0.727150, 0.014875, -0.685894, 0.790515, 0.456144, 0.974974, -0.178539, 0.219923
0.849600, 0.428310, 0.096136, -0.007612, 0.725758, 0.024605, -0.632424, 0.849600, 0.428310, 0.974974, -0.178539, 0.219923
0.982543, 0.384728, 0.127144, 0.072465, 0.713392, 0.039889, -0.632424, 0.982543, 0.384728, 0.974974, -0.174266, 0.219923
1.060306, 0.435757, 0.168040, 0.154782, 0.703064, 0.055820, -0.632424, 1.060306, 0.384728, 0.974974, -0.174266, 0.219923
1.125862, 0.483733, 0.180614, 0.240286, 0.692743, 0.071580, -0.632424, 1.125862, 0.384728, 0.974974, -0.174266, 0.219923
1.189220, 0.459684, 0.201123, 0.331368, 0.681774, 0.087579, -0.568943, 1.189220, 0.384728, 0.974974, -0.174266, 0.219923
1.224745, 0.447476, 0.210401, 0.421052, 0.669181, 0.106812, -0.515107, 1.224745, 0.384728, 0.974974, -0.150583, 0.219923
1.203015, 0.385094, 0.197095, 0.506958, 0.649423, 0.124196, -0.461271, 1.224745, 0.384728, 0.974974, -0.111640, 0.219923
1.185314, 0.336019, 0.183788, 0.589288, 0.623830, 0.138967, -0.399744, 1.224745, 0.336019, 0.974974, -0.087835, 0.219923
1.184948, 0.275102, 0.200146, 0.668522, 0.595636, 0.152219, -0.343222, 1.224745, 0.275102, 0.974974, -0.087835, 0.219923
1.186779, 0.254959, 0.192456, 0.745022, 0.562583, 0.160581, -0.258255, 1.224745, 0.254959, 0.974974, -0.087835, 0.219923
1.168223, 0.305988, 0.191357, 0.816346, 0.531514, 0.174541, -0.184521, 1.224745, 0.254959, 0.974974, 0.096136, 0.219923
1.153818, 0.334066, 0.173289, 0.883263, 0.500946, 0.175377, 0.113837, 1.224745, 0.254959, 0.974974, 0.096136, 0.219923
1.127083, 0.360068, 0.183910, 0.933925, 0.470201, 0.174010, 0.365806, 1.224745, 0.254959, 0.928096, 0.096136, 0.219923
1.105963, 0.363609, 0.199536, 0.970933, 0.441976, 0.175511, 0.472014, 1.224745, 0.254959, 0.837515, 0.096136, 0.219923
1.093267, 0.441372, 0.238235, 1.001996, 0.422169, 0.177110, 0.506806, 1.224745, 0.254959, 0.597510, 0.096136, 0.238235
1.144784, 0.520478, 0.261674, 1.033895, 0.418318, 0.179198, 0.540133, 1.224745, 0.254959, 0.591528, 0.096136, 0.261674
1.223280, 0.659891, 0.299029, 1.068052, 0.426442, 0.184545, 0.633645, 1.224745, 0.254959, 0.659891, 0.096136, 0.299029
1.276750, 0.755234, 0.296466, 1.100207, 0.437313, 0.191754, 0.728133, 1.276750, 0.254959, 0.755234, 0.096136, 0.299029
1.122200, 0.661112, 0.344198, 1.119911, 0.440792, 0.202881, 0.790515, 1.276750, 0.254959, 0.755234, 0.096136, 0.344198
1.061039, 0.522432, 0.235183, 1.133437, 0.440756, 0.208991, 0.849600, 1.276750, 0.254959, 0.755234, 0.096136, 0.344198
0.929317, 0.531588, 0.310139, 1.137423, 0.445920, 0.219691, 0.929317, 1.276750, 0.254959, 0.755234, 0.127144, 0.344198
0.855216, 0.560520, 0.300128, 1.131056, 0.454709, 0.228340, 0.855216, 1.276750, 0.254959, 0.755234, 0.168040, 0.344198
0.729598, 0.861808, 0.123848, 1.114521, 0.476012, 0.226131, 0.729598, 1.276750, 0.254959, 0.861808, 0.123848, 0.344198
0.665263, 0.430874, 0.433559, 1.091491, 0.473369, 0.238778, 0.665263, 1.276750, 0.254959, 0.861808, 0.123848, 0.433559
0.606788, 0.843008, 0.192822, 1.062369, 0.492535, 0.238363, 0.606788, 1.276750, 0.254959, 0.861808, 0.123848, 0.433559
0.402307, 0.724959, 0.192700, 1.021248, 0.506409, 0.237478, 0.402307, 1.276750, 0.254959, 0.861808, 0.123848, 0.433559
0.211500, 0.657084, 0.064640, 0.971672, 0.520009, 0.230855, 0.211500, 1.276750, 0.254959, 0.861808, 0.064640, 0.433559
0.176463, 0.752792, -0.037539, 0.921229, 0.540847, 0.219789, 0.176463, 1.276750, 0.254959, 0.861808, -0.037539, 0.433559
0.090521, 0.771592, -0.060123, 0.866508, 0.565672, 0.206775, 0.090521, 1.276750, 0.254959, 0.861808, -0.060123, 0.433559
-0.015199, 0.770982, -0.089544, 0.806409, 0.591473, 0.192675, -0.015199, 1.276750, 0.305988, 0.861808, -0.089544, 0.433559
-0.144357, 0.694073, -0.132638, 0.740780, 0.610877, 0.176476, -0.144357, 1.276750, 0.334066, 0.861808, -0.132638, 0.433559
-0.228957, 0.605323, -0.152048, 0.671641, 0.624440, 0.160209, -0.228957, 1.276750, 0.360068, 0.861808, -0.152048, 0.433559
-0.287310, 0.609473, -0.145822, 0.600922, 0.636910, 0.143722, -0.287310, 1.276750, 0.363609, 0.861808, -0.152048, 0.433559
-0.358970, 0.610816, -0.161814, 0.527675, 0.649271, 0.125655, -0.358970, 1.276750, 0.430874, 0.861808, -0.161814, 0.433559
-0.486785, 0.535128, -0.226271, 0.448672, 0.653958, 0.102429, -0.486785, 1.276750, 0.430874, 0.861808, -0.226271, 0.433559
-0.589453, 0.463834, -0.307941, 0.361961, 0.651126, 0.073949, -0.589453, 1.276750, 0.430874, 0.861808, -0.307941, 0.433559
-0.671489, 0.399866, -0.342611, 0.267222, 0.638125, 0.041867, -0.671489, 1.276750, 0.399866, 0.861808, -0.342611, 0.433559
-0.713483, 0.347861, -0.294390, 0.167710, 0.617756, 0.012324, -0.713483, 1.122200, 0.347861, 0.861808, -0.342611, 0.433559
-0.760239, 0.333333, -0.201123, 0.073588, 0.601367, -0.014942, -0.760239, 1.061039, 0.333333, 0.861808, -0.342611, 0.433559
-0.796863, 0.366905, -0.184643, -0.019307, 0.593591, -0.035934, -0.796863, 0.929317, 0.333333, 0.861808, -0.342611, 0.433559
-0.830678, 0.333578, -0.244583, -0.107306, 0.583690, -0.063670, -0.830678, 0.855216, 0.333333, 0.861808, -0.342611, 0.433559
-0.886101, 0.279741, -0.246780, -0.194372, 0.569651, -0.091015, -0.886101, 0.729598, 0.279741, 0.861808, -0.342611, 0.433559
-0.855338, 0.205884, -0.184154, -0.273619, 0.536855, -0.106415, -0.886101, 0.665263, 0.205884, 0.843008, -0.342611, 0.433559
-0.856803, 0.164744, -0.146066, -0.349722, 0.523549, -0.135396, -0.886101, 0.606788, 0.164744, 0.843008, -0.342611, 0.192822
-0.902826, 0.033632, -0.244705, -0.425203, 0.483080, -0.157273, -0.902826, 0.402307, 0.033632, 0.771592, -0.342611, 0.192700
-0.990112, -0.121284, -0.343466, -0.494824, 0.440768, -0.184081, -0.990112, 0.211500, -0.121284, 0.771592, -0.343466, 0.064640
-1.070561, -0.057071, -0.242507, -0.558927, 0.405060, -0.199438, -1.070561, 0.176463, -0.121284, 0.771592, -0.343466, -0.037539
-1.028444, 0.018739, -0.250443, -0.619172, 0.368357, -0.210084, -1.070561, 0.090521, -0.121284, 0.771592, -0.343466, -0.060123
-1.133919, 0.049625, -0.229323, -0.680394, 0.332259, -0.218544, -1.133919, -0.015199, -0.121284, 0.770982, -0.343466, -0.089544
-1.139535, 0.084905, -0.223952, -0.736611, 0.297955, -0.225264, -1.139535, -0.144357, -0.121284, 0.694073, -0.343466, -0.132638
-1.122810, 0.082952, -0.236037, -0.785534, 0.267399, -0.230434, -1.139535, -0.228957, -0.121284, 0.610816, -0.343466, -0.145822
-1.070805, 0.075017, -0.230300, -0.827626, 0.240884, -0.234347, -1.139535, -0.287310, -0.121284, 0.610816, -0.343466, -0.145822
-1.044925, 0.072087, -0.238357, -0.865507, 0.214015, -0.238973, -1.139535, -0.358970, -0.121284, 0.610816, -0.343466, -0.146066
-1.036990, 0.104193, -0.263627, -0.899408, 0.188683, -0.244064, -1.139535, -0.486785, -0.121284, 0.535128, -0.343466, -0.146066
-1.018067, 0.113471, -0.265580, -0.925972, 0.167601, -0.246029, -1.139535, -0.589453, -0.121284, 0.463834, -0.343466, -0.146066
-0.946896, 0.143136, -0.241775, -0.943844, 0.151566, -0.242721, -1.139535, -0.671489, -0.121284, 0.399866, -0.343466, -0.146066
-0.832387, 0.292804, -0.224928, -0.951889, 0.146213, -0.236837, -1.139535, -0.713483, -0.121284, 0.366905, -0.343466, -0.146066
-0.737777, 0.433315, -0.171336, -0.953104, 0.150485, -0.230684, -1.139535, -0.737777, -0.121284, 0.433315, -0.343466, -0.146066
-0.665751, 0.527803, -0.115058, -0.948379, 0.160209, -0.226381, -1.139535, -0.665751, -0.121284, 0.527803, -0.343466, -0.115058
-0.569310, 0.580785, -0.081487, -0.937002, 0.170903, -0.221223, -1.139535, -0.569310, -0.121284, 0.580785, -0.343466, -0.081487
-0.445401, 0.590185, -0.065617, -0.917738, 0.183733, -0.212275, -1.139535, -0.445401, -0.121284, 0.590185, -0.343466, -0.065617
-0.329671, 0.637063, -0.044009, -0.889916, 0.201599, -0.202136, -1.139535, -0.329671, -0.121284, 0.637063, -0.343466, -0.044009
-0.230544, 0.709211, 0.019960, -0.858677, 0.226766, -0.191931, -1.139535, -0.230544, -0.121284, 0.709211, -0.343466, 0.019960
-0.077214, 0.821522, 0.086370, -0.819697, 0.259605, -0.180309, -1.139535, -0.077214, -0.121284, 0.821522, -0.343466, 0.086370
0.019593, 0.772813, 0.089910, -0.773576, 0.296564, -0.163578, -1.139535, 0.019593, -0.121284, 0.821522, -0.343466, 0.089910
0.117744, 0.826650, 0.190747, -0.718184, 0.343960, -0.136867, -1.139535, 0.117744, -0.057071, 0.826650, -0.265580, 0.190747
0.097845, 0.878044, 0.245682, -0.659763, 0.390716, -0.112458, -1.139535, 0.117744, 0.018739, 0.878044, -0.265580, 0.245682
0.188061, 0.940914, 0.236648, -0.598938, 0.436825, -0.088103, -1.139535, 0.188061, 0.049625, 0.940914, -0.265580, 0.245682
0.480193, 0.934322, 0.121528, -0.518232, 0.481060, -0.070561, -1.139535, 0.480193, 0.072087, 0.940914, -0.265580, 0.245682
0.597021, 0.831655, 0.023012, -0.431405, 0.518397, -0.058213, -1.122810, 0.597021, 0.072087, 0.940914, -0.265580, 0.245682
0.648904, 0.730452, -0.021547, -0.342819, 0.550772, -0.047488, -1.070805, 0.648904, 0.072087, 0.940914, -0.265580, 0.245682
0.667948, 0.694439, -0.003113, -0.255881, 0.581743, -0.036129, -1.044925, 0.667948, 0.072087, 0.940914, -0.265580, 0.245682
0.705304, 0.635232, 0.010926, -0.168370, 0.609900, -0.023665, -1.036990, 0.705304, 0.104193, 0.940914, -0.265580, 0.245682
0.774889, 0.571019, 0.023378, -0.077776, 0.633242, -0.009314, -1.018067, 0.774889, 0.113471, 0.940914, -0.265580, 0.245682
0.834707, 0.470549, 0.030214, 0.014863, 0.651096, 0.005475, -0.946896, 0.834707, 0.143136, 0.940914, -0.241775, 0.245682
0.956418, 0.444180, -0.013978, 0.110029, 0.666148, 0.016865, -0.832387, 0.956418, 0.292804, 0.940914, -0.224928, 0.245682
1.006104, 0.434047, -0.041201, 0.201953, 0.673210, 0.026051, -0.737777, 1.006104, 0.433315, 0.940914, -0.171336, 0.245682
1.030642, 0.429775, -0.057804, 0.290374, 0.673033, 0.031728, -0.665751, 1.030642, 0.429775, 0.940914, -0.115058, 0.245682
1.045535, 0.442227, -0.069767, 0.375938, 0.668754, 0.033993, -0.569310, 1.045535, 0.429775, 0.940914, -0.081487, 0.245682
1.091925, 0.457853, -0.104438, 0.459000, 0.662608, 0.032845, -0.445401, 1.091925, 0.429775, 0.940914, -0.104438, 0.245682
1.152353, 0.472990, -0.094915, 0.538888, 0.656748, 0.031380, -0.329671, 1.152353, 0.429775, 0.940914, -0.104438, 0.245682
1.218031, 0.476653, -0.094549, 0.616273, 0.648727, 0.028853, -0.230544, 1.218031, 0.429775, 0.940914, -0.104438, 0.245682
1.202893, 0.506440, -0.078801, 0.687945, 0.638589, 0.023915, -0.077214, 1.218031, 0.429775, 0.940914, -0.104438, 0.245682
1.182018, 0.454312, -0.060367, 0.750906, 0.620228, 0.016578, 0.019593, 1.218031, 0.429775, 0.940914, -0.104438, 0.245682
1.160288, 0.446622, -0.063541, 0.807941, 0.603919, 0.008906, 0.097845, 1.218031, 0.429775, 0.940914, -0.104438, 0.245682
1.134285, 0.459684, -0.053409, 0.858768, 0.585570, -0.003302, 0.097845, 1.218031, 0.429775, 0.940914, -0.104438, 0.245682
1.113776, 0.463590, -0.051090, 0.909565, 0.564848, -0.018141, 0.188061, 1.218031, 0.429775, 0.940914, -0.104438, 0.236648
1.100714, 0.507660, -0.029604, 0.955197, 0.543185, -0.031453, 0.480193, 1.218031, 0.429775, 0.934322, -0.104438, 0.121528
1.079595, 0.562717, -0.020692, 0.985168, 0.524605, -0.038564, 0.597021, 1.218031, 0.429775, 0.831655, -0.104438, 0.030214
1.056888, 0.643533, -0.000549, 1.008161, 0.515199, -0.039742, 0.648904, 1.218031, 0.429775, 0.730452, -0.104438, 0.030214
1.043704, 0.688335, -0.001526, 1.027901, 0.513093, -0.038741, 0.667948, 1.218031, 0.429775, 0.694439, -0.104438, 0.030214
0.996704, 0.697125, -0.013612, 1.044339, 0.513227, -0.039266, 0.705304, 1.218031, 0.429775, 0.697125, -0.104438, 0.030214
0.919429, 0.702985, -0.043521, 1.055045, 0.516615, -0.041989, 0.774889, 1.218031, 0.429775, 0.702985, -0.104438, 0.030214
0.789294, 0.776476, -0.010682, 1.055765, 0.526888, -0.043692, 0.789294, 1.218031, 0.429775, 0.776476, -0.104438, 0.030214
0.658915, 0.753525, 0.002869, 1.046976, 0.541036, -0.045059, 0.658915, 1.218031, 0.429775, 0.776476, -0.104438, 0.002869
0.621925, 0.757309, 0.017152, 1.030251, 0.556693, -0.043502, 0.621925, 1.218031, 0.429775, 0.776476, -0.104438, 0.017152
0.610450, 0.813831, -0.016786, 1.010468, 0.575682, -0.042282, 0.610450, 1.218031, 0.429775, 0.813831, -0.104438, 0.017152
0.512788, 0.942257, -0.043765, 0.984576, 0.601306, -0.041580, 0.512788, 1.218031, 0.442227, 0.942257, -0.104438, 0.017152
0.346396, 0.847403, 0.094671, 0.949619, 0.621565, -0.033358, 0.346396, 1.218031, 0.446622, 0.942257, -0.104438, 0.094671
0.235061, 0.918086, 0.067570, 0.906775, 0.644577, -0.024757, 0.235061, 1.218031, 0.446622, 0.942257, -0.094915, 0.094671
0.134102, 0.842153, 0.015321, 0.855863, 0.663035, -0.019246, 0.134102, 1.218031, 0.446622, 0.942257, -0.094549, 0.094671
0.027529, 0.751938, -0.058048, 0.796338, 0.676799, -0.017420, 0.027529, 1.202893, 0.446622, 0.942257, -0.078801, 0.094671
-0.040347, 0.741439, -0.062199, 0.734176, 0.688549, -0.016590, -0.040347, 1.182018, 0.446622, 0.942257, -0.063541, 0.094671
-0.151926, 0.719465, -0.058536, 0.667478, 0.701807, -0.016499, -0.151926, 1.160288, 0.446622, 0.942257, -0.063541, 0.094671
-0.267533, 0.742782, -0.083684, 0.596087, 0.716615, -0.017506, -0.267533, 1.134285, 0.459684, 0.942257, -0.083684, 0.094671
-0.408777, 0.723128, -0.128243, 0.518934, 0.729787, -0.021248, -0.408777, 1.113776, 0.463590, 0.942257, -0.128243, 0.094671
-0.498749, 0.647195, -0.183422, 0.438308, 0.738967, -0.027864, -0.498749, 1.100714, 0.507660, 0.942257, -0.183422, 0.094671
-0.542331, 0.550754, -0.210401, 0.356156, 0.741122, -0.036904, -0.542331, 1.079595, 0.550754, 0.942257, -0.210401, 0.094671
-0.566868, 0.552341, -0.199658, 0.273833, 0.740603, -0.045852, -0.566868, 1.056888, 0.550754, 0.942257, -0.210401, 0.094671
-0.676128, 0.505219, -0.245926, 0.187182, 0.733687, -0.058121, -0.676128, 1.043704, 0.505219, 0.942257, -0.245926, 0.094671
-0.795153, 0.464811, -0.251297, 0.095239, 0.722511, -0.070610, -0.795153, 0.996704, 0.464811, 0.942257, -0.251297, 0.094671
-0.827260, 0.441738, -0.285479, 0.004041, 0.709742, -0.084203, -0.827260, 0.919429, 0.441738, 0.942257, -0.285479, 0.094671
-0.792956, 0.446988, -0.336629, -0.081578, 0.696942, -0.098859, -0.827260, 0.789294, 0.441738, 0.942257, -0.336629, 0.094671
-0.922847, 0.329061, -0.238235, -0.167185, 0.674571, -0.110236, -0.922847, 0.658915, 0.329061, 0.942257, -0.336629, 0.094671
-0.913325, 0.300250, -0.199048, -0.245797, 0.651907, -0.120332, -0.922847, 0.621925, 0.300250, 0.942257, -0.336629, 0.094671
-0.881585, 0.261307, -0.316609, -0.320973, 0.627107, -0.137020, -0.922847, 0.610450, 0.261307, 0.942257, -0.336629, 0.094671
-0.894037, 0.314045, -0.372764, -0.396197, 0.602118, -0.154819, -0.922847, 0.512788, 0.261307, 0.942257, -0.372764, 0.094671
-0.882683, 0.383019, -0.392907, -0.465971, 0.574156, -0.172276, -0.922847, 0.346396, 0.261307, 0.918086, -0.392907, 0.094671
-0.885735, 0.365196, -0.385461, -0.527577, 0.550046, -0.196283, -0.922847, 0.235061, 0.261307, 0.918086, -0.392907, 0.067570
-0.866081, 0.290850, -0.292437, -0.582635, 0.518684, -0.214283, -0.922847, 0.134102, 0.261307, 0.842153, -0.392907, 0.015321
-0.868400, 0.283526, -0.241165, -0.632760, 0.490753, -0.227107, -0.922847, 0.027529, 0.261307, 0.751938, -0.392907, -0.058048
-0.861930, 0.288775, -0.222487, -0.677233, 0.467594, -0.235329, -0.922847, -0.040347, 0.261307, 0.742782, -0.392907, -0.058536
-0.871940, 0.263383, -0.217604, -0.718812, 0.443692, -0.243100, -0.922847, -0.151926, 0.261307, 0.742782, -0.392907, -0.058536
-0.930782, 0.249222, -0.216139, -0.757755, 0.420180, -0.250980, -0.930782, -0.267533, 0.249222, 0.742782, -0.392907, -0.083684
-0.968992, 0.258011, -0.211133, -0.792828, 0.395941, -0.257352, -0.968992, -0.408777, 0.249222, 0.723128, -0.392907, -0.128243
-0.962522, 0.269609, -0.170482, -0.820515, 0.373265, -0.259464, -0.968992, -0.498749, 0.249222, 0.647195, -0.392907, -0.170482
-0.932125, 0.277910, -0.128853, -0.842184, 0.354801, -0.256736, -0.968992, -0.542331, 0.249222, 0.552341, -0.392907, -0.128853
-0.947873, 0.260819, -0.143624, -0.862461, 0.340304, -0.253397, -0.968992, -0.566868, 0.249222, 0.552341, -0.392907, -0.128853
-0.932125, 0.261552, -0.151315, -0.880724, 0.325765, -0.250980, -0.968992, -0.676128, 0.249222, 0.505219, -0.392907, -0.128853
-0.908075, 0.254227, -0.122871, -0.892321, 0.313215, -0.244827, -0.968992, -0.792956, 0.249222, 0.464811, -0.392907, -0.122871
-0.897333, 0.234572, -0.048526, -0.897430, 0.301703, -0.234688, -0.968992, -0.792956, 0.234572, 0.446988, -0.392907, -0.048526
