You entered a buffer length of 100
0.017396, 0.926143, 0.068058, 0.000174, 0.009261, 0.000681, 0.000000, 0.017396, 0.000000, 0.926143, 0.000000, 0.068058
0.016053, 0.938229, 0.060612, 0.000334, 0.018644, 0.001287, 0.000000, 0.017396, 0.000000, 0.938229, 0.000000, 0.068058
0.010804, 0.949948, 0.067936, 0.000443, 0.028143, 0.001966, 0.000000, 0.017396, 0.000000, 0.949948, 0.000000, 0.068058
0.002991, 0.961057, 0.078435, 0.000472, 0.037754, 0.002750, 0.000000, 0.017396, 0.000000, 0.961057, 0.000000, 0.078435
-0.006165, 0.974486, 0.092230, 0.000411, 0.047499, 0.003673, -0.006165, 0.017396, 0.000000, 0.974486, 0.000000, 0.092230
-0.011292, 0.980345, 0.093695, 0.000298, 0.057302, 0.004610, -0.011292, 0.017396, 0.000000, 0.980345, 0.000000, 0.093695
-0.012025, 0.980101, 0.104926, 0.000178, 0.067103, 0.005659, -0.012025, 0.017396, 0.000000, 0.980345, 0.000000, 0.104926
-0.010682, 0.970701, 0.116279, 0.000071, 0.076810, 0.006822, -0.012025, 0.017396, 0.000000, 0.980345, 0.000000, 0.116279
-0.015199, 0.959714, 0.135934, -0.000081, 0.086407, 0.008181, -0.015199, 0.017396, 0.000000, 0.980345, 0.000000, 0.135934
-0.018129, 0.944821, 0.158030, -0.000262, 0.095855, 0.009761, -0.018129, 0.017396, 0.000000, 0.980345, 0.000000, 0.158030
-0.019349, 0.928096, 0.190502, -0.000456, 0.105136, 0.011666, -0.019349, 0.017396, 0.000000, 0.980345, 0.000000, 0.190502
-0.028017, 0.907709, 0.222853, -0.000736, 0.114214, 0.013895, -0.028017, 0.017396, 0.000000, 0.980345, 0.000000, 0.222853
-0.029726, 0.887444, 0.243728, -0.001033, 0.123088, 0.016332, -0.029726, 0.017396, 0.000000, 0.980345, 0.000000, 0.243728
-0.046573, 0.871086, 0.267900, -0.001499, 0.131799, 0.019011, -0.046573, 0.017396, 0.000000, 0.980345, 0.000000, 0.267900
-0.059513, 0.848624, 0.288531, -0.002094, 0.140285, 0.021896, -0.059513, 0.017396, 0.000000, 0.980345, 0.000000, 0.288531
-0.082341, 0.835073, 0.298053, -0.002918, 0.148636, 0.024877, -0.082341, 0.017396, 0.000000, 0.980345, 0.000000, 0.298053
-0.096258, 0.828481, 0.306110, -0.003880, 0.156921, 0.027938, -0.096258, 0.017396, 0.000000, 0.980345, 0.000000, 0.306110
-0.098700, 0.834585, 0.308552, -0.004867, 0.165266, 0.031024, -0.098700, 0.017396, 0.000000, 0.980345, 0.000000, 0.308552
-0.096014, 0.844107, 0.308063, -0.005827, 0.173708, 0.034104, -0.098700, 0.017396, 0.000000, 0.980345, 0.000000, 0.308552
-0.089422, 0.869865, 0.303302, -0.006722, 0.182406, 0.037137, -0.098700, 0.017396, 0.000000, 0.980345, 0.000000, 0.308552
-0.130318, 0.911738, 0.325032, -0.008025, 0.191524, 0.040388, -0.130318, 0.017396, 0.000000, 0.980345, 0.000000, 0.325032
-0.063908, 0.993408, 0.283037, -0.008664, 0.201458, 0.043218, -0.130318, 0.017396, 0.000000, 0.993408, 0.000000, 0.325032
-0.061832, 1.043826, 0.335897, -0.009282, 0.211896, 0.046577, -0.130318, 0.017396, 0.000000, 1.043826, 0.000000, 0.335897
-0.043154, 1.034548, 0.278887, -0.009714, 0.222241, 0.049366, -0.130318, 0.017396, 0.000000, 1.043826, 0.000000, 0.335897
-0.067448, 0.984496, 0.158884, -0.010388, 0.232086, 0.050955, -0.130318, 0.017396, 0.000000, 1.043826, 0.000000, 0.335897
-0.064396, 0.968016, 0.176219, -0.011032, 0.241766, 0.052717, -0.130318, 0.017396, 0.000000, 1.043826, 0.000000, 0.335897
-0.036806, 0.975707, 0.190014, -0.011400, 0.251524, 0.054617, -0.130318, 0.017396, 0.000000, 1.043826, 0.000000, 0.335897
0.007386, 1.017213, 0.203809, -0.011326, 0.261696, 0.056655, -0.130318, 0.017396, 0.000000, 1.043826, 0.000000, 0.335897
0.033388, 1.008790, 0.155344, -0.010992, 0.271784, 0.058209, -0.130318, 0.033388, 0.000000, 1.043826, 0.000000, 0.335897
-0.029726, 0.991210, 0.107489, -0.011290, 0.281696, 0.059283, -0.130318, 0.033388, 0.000000, 1.043826, 0.000000, 0.335897
-0.107001, 0.984130, 0.134225, -0.012360, 0.291537, 0.060626, -0.130318, 0.033388, 0.000000, 1.043826, 0.000000, 0.335897
-0.124825, 0.969358, 0.129097, -0.013608, 0.301231, 0.061917, -0.130318, 0.033388, 0.000000, 1.043826, 0.000000, 0.335897
-0.118843, 0.938473, 0.097845, -0.014796, 0.310615, 0.062895, -0.130318, 0.033388, 0.000000, 1.043826, 0.000000, 0.335897
-0.092718, 0.929927, 0.086370, -0.015724, 0.319915, 0.063759, -0.130318, 0.033388, 0.000000, 1.043826, 0.000000, 0.335897
-0.061100, 0.984496, 0.107367, -0.016335, 0.329760, 0.064832, -0.130318, 0.033388, 0.000000, 1.043826, 0.000000, 0.335897
-0.025209, 1.037356, 0.134225, -0.016587, 0.340133, 0.066175, -0.130318, 0.033388, 0.000000, 1.043826, 0.000000, 0.335897
-0.007630, 1.044192, 0.117744, -0.016663, 0.350575, 0.067352, -0.130318, 0.033388, 0.000000, 1.044192, 0.000000, 0.335897
0.012025, 1.022218, 0.150583, -0.016543, 0.360797, 0.068858, -0.130318, 0.033388, 0.000000, 1.044192, 0.000000, 0.335897
0.063786, 1.002075, 0.105780, -0.015905, 0.370818, 0.069916, -0.130318, 0.063786, 0.000000, 1.044192, 0.000000, 0.335897
0.080266, 1.036501, 0.159739, -0.015102, 0.381183, 0.071513, -0.130318, 0.080266, 0.000000, 1.044192, 0.000000, 0.335897
0.085027, 0.992187, 0.213209, -0.014252, 0.391105, 0.073645, -0.130318, 0.085027, 0.000000, 1.044192, 0.000000, 0.335897
0.123726, 1.025270, 0.211988, -0.013015, 0.401357, 0.075765, -0.130318, 0.123726, 0.000000, 1.044192, 0.000000, 0.335897
0.121528, 1.129158, 0.248245, -0.011799, 0.412649, 0.078248, -0.130318, 0.123726, 0.000000, 1.129158, 0.000000, 0.335897
0.117500, 1.181652, 0.302814, -0.010624, 0.424466, 0.081276, -0.130318, 0.123726, 0.000000, 1.181652, 0.000000, 0.335897
-0.005432, 1.084844, 0.361289, -0.010679, 0.435314, 0.084889, -0.130318, 0.123726, 0.000000, 1.181652, 0.000000, 0.361289
-0.061222, 0.997314, 0.287920, -0.011291, 0.445287, 0.087768, -0.130318, 0.123726, 0.000000, 1.181652, 0.000000, 0.361289
0.059391, 1.013428, 0.230056, -0.010697, 0.455421, 0.090068, -0.130318, 0.123726, 0.000000, 1.181652, 0.000000, 0.361289
-0.083684, 0.902216, 0.181469, -0.011534, 0.464444, 0.091883, -0.130318, 0.123726, 0.000000, 1.181652, 0.000000, 0.361289
-0.048160, 0.852652, 0.176463, -0.012015, 0.472970, 0.093648, -0.130318, 0.123726, 0.000000, 1.181652, 0.000000, 0.361289
0.144845, 0.771837, 0.084173, -0.010567, 0.480689, 0.094489, -0.130318, 0.144845, 0.000000, 1.181652, 0.000000, 0.361289
0.063053, 0.777696, 0.288531, -0.009937, 0.488465, 0.097375, -0.130318, 0.144845, 0.000000, 1.181652, 0.000000, 0.361289
0.139718, 0.875359, 0.140450, -0.008539, 0.497219, 0.098779, -0.130318, 0.144845, 0.000000, 1.181652, 0.000000, 0.361289
0.142160, 0.977049, 0.046573, -0.007118, 0.506990, 0.099245, -0.130318, 0.144845, 0.000000, 1.181652, 0.000000, 0.361289
0.117012, 1.037112, 0.048038, -0.005948, 0.517361, 0.099725, -0.130318, 0.144845, 0.000000, 1.181652, 0.000000, 0.361289
0.097479, 1.081182, 0.047061, -0.004973, 0.528172, 0.100196, -0.130318, 0.144845, 0.000000, 1.181652, 0.000000, 0.361289
0.092596, 1.039553, 0.005432, -0.004047, 0.538568, 0.100250, -0.130318, 0.144845, 0.000000, 1.181652, 0.000000, 0.361289
0.079045, 0.995971, -0.004944, -0.003256, 0.548528, 0.100201, -0.130318, 0.144845, 0.000000, 1.181652, -0.004944, 0.361289
0.190991, 0.906855, -0.106879, -0.001347, 0.557596, 0.099132, -0.130318, 0.190991, 0.000000, 1.181652, -0.106879, 0.361289
0.212721, 0.956784, -0.171458, 0.000781, 0.567164, 0.097417, -0.130318, 0.212721, 0.000000, 1.181652, -0.171458, 0.361289
0.105414, 0.948605, -0.128853, 0.001835, 0.576650, 0.096129, -0.130318, 0.212721, 0.000000, 1.181652, -0.171458, 0.361289
0.057560, 0.939327, -0.122505, 0.002410, 0.586043, 0.094904, -0.130318, 0.212721, 0.000000, 1.181652, -0.171458, 0.361289
0.092352, 0.815052, -0.169139, 0.003334, 0.594194, 0.093212, -0.130318, 0.212721, 0.000000, 1.181652, -0.171458, 0.361289
0.127876, 0.867424, -0.177562, 0.004613, 0.602868, 0.091437, -0.130318, 0.212721, 0.000000, 1.181652, -0.177562, 0.361289
0.218580, 0.971800, -0.121040, 0.006799, 0.612586, 0.090226, -0.130318, 0.218580, 0.000000, 1.181652, -0.177562, 0.361289
0.108954, 0.950559, -0.122749, 0.007888, 0.622092, 0.088999, -0.130318, 0.218580, 0.000000, 1.181652, -0.177562, 0.361289
-0.057071, 0.940548, -0.152048, 0.007317, 0.631497, 0.087479, -0.130318, 0.218580, 0.000000, 1.181652, -0.177562, 0.361289
-0.052432, 0.917353, -0.288775, 0.006793, 0.640671, 0.084591, -0.130318, 0.218580, 0.000000, 1.181652, -0.288775, 0.361289
-0.109443, 0.752304, -0.412196, 0.005699, 0.648194, 0.080469, -0.130318, 0.218580, 0.000000, 1.181652, -0.412196, 0.361289
-0.139108, 0.707013, -0.457364, 0.004308, 0.655264, 0.075895, -0.139108, 0.218580, 0.000000, 1.181652, -0.457364, 0.361289
-0.036929, 0.815174, -0.459318, 0.003938, 0.663416, 0.071302, -0.139108, 0.218580, 0.000000, 1.181652, -0.459318, 0.361289
-0.069890, 0.937252, -0.445523, 0.003239, 0.672788, 0.066847, -0.139108, 0.218580, 0.000000, 1.181652, -0.459318, 0.361289
-0.041201, 0.997436, -0.398767, 0.002827, 0.682763, 0.062859, -0.139108, 0.218580, 0.000000, 1.181652, -0.459318, 0.361289
-0.025209, 0.981688, -0.323933, 0.002575, 0.692579, 0.059620, -0.139108, 0.218580, 0.000000, 1.181652, -0.459318, 0.361289
0.028261, 1.012208, -0.321492, 0.002858, 0.702702, 0.056405, -0.139108, 0.218580, 0.000000, 1.181652, -0.459318, 0.361289
0.072819, 1.056644, -0.366050, 0.003586, 0.713268, 0.052744, -0.139108, 0.218580, 0.000000, 1.181652, -0.459318, 0.361289
0.048648, 1.095953, -0.346518, 0.004073, 0.724228, 0.049279, -0.139108, 0.218580, 0.000000, 1.181652, -0.459318, 0.361289
0.025087, 1.085943, -0.284624, 0.004323, 0.735087, 0.046433, -0.139108, 0.218580, 0.000000, 1.181652, -0.459318, 0.361289
-0.006287, 1.042605, -0.233230, 0.004261, 0.745513, 0.044101, -0.139108, 0.218580, 0.000000, 1.181652, -0.459318, 0.361289
-0.018006, 1.004273, -0.212843, 0.004080, 0.755556, 0.041972, -0.139108, 0.218580, 0.000000, 1.181652, -0.459318, 0.361289
-0.034609, 0.931392, -0.173900, 0.003734, 0.764870, 0.040233, -0.139108, 0.218580, 0.000000, 1.181652, -0.459318, 0.361289
-0.037173, 0.918330, -0.169749, 0.003363, 0.774053, 0.038536, -0.139108, 0.218580, 0.000000, 1.181652, -0.459318, 0.361289
-0.039614, 0.921016, -0.164866, 0.002966, 0.783263, 0.036887, -0.139108, 0.218580, 0.000000, 1.181652, -0.459318, 0.361289
-0.081853, 0.974364, -0.162913, 0.002148, 0.793007, 0.035258, -0.139108, 0.218580, 0.000000, 1.181652, -0.459318, 0.361289
-0.073186, 0.970823, -0.172679, 0.001416, 0.802715, 0.033531, -0.139108, 0.218580, 0.000000, 1.181652, -0.459318, 0.361289
-0.046084, 0.936153, -0.164622, 0.000955, 0.812077, 0.031885, -0.139108, 0.218580, 0.000000, 1.181652, -0.459318, 0.361289
-0.018251, 0.920649, -0.167063, 0.000773, 0.821283, 0.030214, -0.139108, 0.218580, 0.000000, 1.181652, -0.459318, 0.361289
0.002014, 0.905023, -0.169749, 0.000793, 0.830333, 0.028517, -0.139108, 0.218580, 0.000000, 1.181652, -0.459318, 0.361289
0.003723, 0.901361, -0.166575, 0.000830, 0.839347, 0.026851, -0.139108, 0.218580, 0.000000, 1.181652, -0.459318, 0.361289
0.024843, 0.916133, -0.145456, 0.001079, 0.848508, 0.025396, -0.139108, 0.218580, 0.000000, 1.181652, -0.459318, 0.361289
0.061222, 0.962400, -0.118476, 0.001691, 0.858132, 0.024212, -0.139108, 0.218580, 0.000000, 1.181652, -0.459318, 0.361289
0.050357, 0.972166, -0.079534, 0.002194, 0.867854, 0.023416, -0.139108, 0.218580, 0.000000, 1.181652, -0.459318, 0.361289
0.033999, 0.992187, -0.160349, 0.002534, 0.877776, 0.021813, -0.139108, 0.218580, 0.000000, 1.181652, -0.459318, 0.361289
0.034243, 1.004883, -0.218336, 0.002877, 0.887825, 0.019630, -0.139108, 0.218580, 0.000000, 1.181652, -0.459318, 0.361289
0.030825, 0.991577, -0.225661, 0.003185, 0.897740, 0.017373, -0.139108, 0.218580, 0.000000, 1.181652, -0.459318, 0.361289
0.007142, 0.968504, -0.207227, 0.003256, 0.907425, 0.015301, -0.139108, 0.218580, 0.000000, 1.181652, -0.459318, 0.361289
-0.009339, 1.000366, -0.205518, 0.003163, 0.917429, 0.013245, -0.139108, 0.218580, 0.000000, 1.181652, -0.459318, 0.361289
-0.006531, 1.036379, -0.207837, 0.003098, 0.927793, 0.011167, -0.139108, 0.218580, 0.000000, 1.181652, -0.459318, 0.361289
0.005188, 1.031740, -0.204053, 0.003150, 0.938110, 0.009127, -0.139108, 0.218580, 0.000000, 1.181652, -0.459318, 0.361289
0.018617, 1.024904, -0.202344, 0.003336, 0.948359, 0.007103, -0.139108, 0.218580, 0.000000, 1.181652, -0.459318, 0.361289
0.014832, 1.012086, -0.205762, 0.003484, 0.958480, 0.005045, -0.139108, 0.218580, 0.707013, 1.181652, -0.459318, 0.361289
0.011414, 0.996704, -0.212476, 0.003424, 0.959186, 0.002240, -0.139108, 0.218580, 0.707013, 1.181652, -0.459318, 0.361289
0.023012, 0.966551, -0.211011, 0.003494, 0.959469, -0.000476, -0.139108, 0.218580, 0.707013, 1.181652, -0.459318, 0.361289
0.033266, 0.960203, -0.205884, 0.003718, 0.959571, -0.003214, -0.139108, 0.218580, 0.707013, 1.181652, -0.459318, 0.361289
0.027406, 0.967894, -0.177318, 0.003963, 0.959640, -0.005772, -0.139108, 0.218580, 0.707013, 1.181652, -0.459318, 0.361289
0.023012, 0.950681, -0.174510, 0.004254, 0.959402, -0.008439, -0.139108, 0.218580, 0.707013, 1.181652, -0.459318, 0.361289
0.013612, 0.933712, -0.179882, 0.004503, 0.958935, -0.011175, -0.139108, 0.218580, 0.707013, 1.181652, -0.459318, 0.361289
0.008973, 0.916255, -0.191235, 0.004713, 0.958297, -0.014137, -0.139108, 0.218580, 0.707013, 1.181652, -0.459318, 0.361289
0.010316, 0.919551, -0.180858, 0.004923, 0.957786, -0.017108, -0.139108, 0.218580, 0.707013, 1.181652, -0.459318, 0.361289
0.008484, 0.900262, -0.176830, 0.005160, 0.957191, -0.020236, -0.139108, 0.218580, 0.707013, 1.181652, -0.459318, 0.361289
-0.006409, 0.932003, -0.179637, 0.005277, 0.957063, -0.023612, -0.139108, 0.218580, 0.707013, 1.181652, -0.459318, 0.361289
-0.012025, 0.988158, -0.162547, 0.005351, 0.957663, -0.027143, -0.139108, 0.218580, 0.707013, 1.181652, -0.459318, 0.361289
-0.003113, 0.992187, -0.157786, 0.005600, 0.958508, -0.030949, -0.139108, 0.218580, 0.707013, 1.181652, -0.459318, 0.361289
0.046329, 0.999512, -0.247146, 0.006360, 0.959629, -0.035858, -0.139108, 0.218580, 0.707013, 1.181652, -0.459318, 0.361289
0.085027, 1.012086, -0.301837, 0.007676, 0.961039, -0.041555, -0.139108, 0.218580, 0.707013, 1.181652, -0.459318, 0.361289
0.070988, 1.036745, -0.283648, 0.008981, 0.962920, -0.047277, -0.139108, 0.218580, 0.707013, 1.181652, -0.459318, 0.361289
0.052554, 1.035647, -0.310016, 0.010330, 0.964926, -0.053358, -0.139108, 0.218580, 0.707013, 1.181652, -0.459318, 0.361289
0.059513, 0.977782, -0.349570, 0.011888, 0.966419, -0.059915, -0.139108, 0.218580, 0.707013, 1.181652, -0.459318, 0.361289
0.074040, 0.937008, -0.385583, 0.013615, 0.967443, -0.066856, -0.139108, 0.218580, 0.707013, 1.181652, -0.459318, 0.361289
0.070866, 0.974120, -0.395715, 0.015284, 0.968743, -0.073894, -0.139108, 0.218580, 0.707013, 1.181652, -0.459318, 0.361289
0.057071, 0.982543, -0.447598, 0.016749, 0.969870, -0.081403, -0.139108, 0.218580, 0.707013, 1.181652, -0.459318, 0.361289
0.070256, 0.939571, -0.520479, 0.018755, 0.970148, -0.089858, -0.139108, 0.218580, 0.707013, 1.181652, -0.520479, 0.361289
0.099432, 0.890985, -0.566258, 0.020388, 0.969124, -0.098351, -0.139108, 0.218580, 0.707013, 1.181652, -0.566258, 0.361289
0.086370, 0.879387, -0.517060, 0.021870, 0.967480, -0.106880, -0.139108, 0.218580, 0.707013, 1.181652, -0.566258, 0.361289
-0.010682, 0.968748, -0.439541, 0.022195, 0.966822, -0.114065, -0.139108, 0.218580, 0.707013, 1.181652, -0.566258, 0.361289
-0.026308, 0.873894, -0.400232, 0.022606, 0.965716, -0.119656, -0.139108, 0.218580, 0.707013, 1.181652, -0.566258, 0.361289
0.070744, 0.964475, -0.243972, 0.023958, 0.965680, -0.123858, -0.139108, 0.218580, 0.707013, 1.181652, -0.566258, 0.361289
0.153269, 1.009278, -0.231887, 0.025859, 0.966016, -0.128077, -0.139108, 0.218580, 0.707013, 1.181652, -0.566258, 0.361289
0.129586, 0.980834, -0.211988, 0.027081, 0.965652, -0.132235, -0.139108, 0.218580, 0.707013, 1.181652, -0.566258, 0.361289
0.001282, 0.969847, -0.159006, 0.026759, 0.965263, -0.135378, -0.139108, 0.218580, 0.707013, 1.181652, -0.566258, 0.361289
-0.063053, 0.818470, -0.116035, 0.026426, 0.963535, -0.137613, -0.139108, 0.218580, 0.707013, 1.181652, -0.566258, 0.361289
-0.145700, 0.693097, -0.223097, 0.026039, 0.960625, -0.141187, -0.145700, 0.218580, 0.693097, 1.181652, -0.566258, 0.361289
-0.066349, 0.873405, -0.163157, 0.026624, 0.959665, -0.144109, -0.145700, 0.218580, 0.693097, 1.181652, -0.566258, 0.361289
-0.046084, 1.061893, -0.032778, 0.027352, 0.960900, -0.145415, -0.145700, 0.218580, 0.693097, 1.181652, -0.566258, 0.361289
-0.012757, 1.099738, 0.040225, 0.028151, 0.962598, -0.145877, -0.145700, 0.218580, 0.693097, 1.181652, -0.566258, 0.361289
0.051944, 0.956418, 0.006775, 0.029282, 0.962317, -0.146883, -0.145700, 0.218580, 0.693097, 1.181652, -0.566258, 0.361289
0.049747, 0.839468, -0.013001, 0.030031, 0.960338, -0.148355, -0.145700, 0.218580, 0.693097, 1.181652, -0.566258, 0.361289
0.015321, 0.819447, 0.012269, 0.030261, 0.958091, -0.149410, -0.145700, 0.218580, 0.693097, 1.181652, -0.566258, 0.361289
-0.083318, 0.916499, -0.007142, 0.029307, 0.957034, -0.150987, -0.145700, 0.218580, 0.693097, 1.181652, -0.566258, 0.361289
-0.112495, 1.082036, -0.093451, 0.027544, 0.957833, -0.152979, -0.145700, 0.218580, 0.693097, 1.181652, -0.566258, 0.361289
-0.085638, 1.043704, -0.041079, 0.025885, 0.957905, -0.154987, -0.145700, 0.218580, 0.693097, 1.181652, -0.566258, 0.361289
-0.060367, 0.909296, 0.000061, 0.024431, 0.957076, -0.157119, -0.145700, 0.218580, 0.693097, 1.181652, -0.566258, 0.361289
-0.059635, 0.837637, 0.052188, 0.022598, 0.955200, -0.158717, -0.145700, 0.218580, 0.693097, 1.181652, -0.566258, 0.361289
0.021058, 0.999268, 0.065006, 0.021593, 0.953901, -0.160549, -0.145700, 0.218580, 0.693097, 1.181652, -0.566258, 0.361289
0.111762, 1.056766, -0.010071, 0.021536, 0.952652, -0.163678, -0.145700, 0.218580, 0.693097, 1.099738, -0.566258, 0.361289
0.094183, 1.036989, 0.074528, 0.022532, 0.952174, -0.166546, -0.145700, 0.218580, 0.693097, 1.099738, -0.566258, 0.288531
0.020814, 0.989013, 0.124458, 0.023352, 0.952091, -0.168180, -0.145700, 0.218580, 0.693097, 1.099738, -0.566258, 0.288531
-0.071354, 0.819813, 0.173289, 0.022045, 0.950154, -0.168748, -0.145700, 0.218580, 0.693097, 1.099738, -0.566258, 0.288531
-0.026918, 0.989135, 0.299274, 0.022612, 0.951024, -0.167570, -0.145700, 0.218580, 0.693097, 1.099738, -0.566258, 0.299274
0.000305, 1.094122, 0.391320, 0.023097, 0.953438, -0.165421, -0.145700, 0.218580, 0.693097, 1.099738, -0.566258, 0.391320
0.081487, 1.191540, 0.391564, 0.022464, 0.957635, -0.162348, -0.145700, 0.218580, 0.693097, 1.191540, -0.566258, 0.391564
0.143258, 1.312641, 0.413783, 0.023266, 0.962985, -0.161095, -0.145700, 0.218580, 0.693097, 1.312641, -0.566258, 0.413783
0.114326, 1.271989, 0.366050, 0.023012, 0.966951, -0.158839, -0.145700, 0.218580, 0.693097, 1.312641, -0.566258, 0.413783
0.086858, 1.176402, 0.288531, 0.022459, 0.968945, -0.156419, -0.145700, 0.218580, 0.693097, 1.312641, -0.566258, 0.413783
0.052066, 1.106940, 0.265336, 0.021809, 0.969643, -0.154246, -0.145700, 0.218580, 0.693097, 1.312641, -0.566258, 0.413783
0.003723, 0.945065, 0.206739, 0.020872, 0.968282, -0.152650, -0.145700, 0.218580, 0.693097, 1.312641, -0.566258, 0.413783
-0.010560, 0.893670, 0.189648, 0.019840, 0.966823, -0.150808, -0.145700, 0.218580, 0.693097, 1.312641, -0.566258, 0.413783
-0.003113, 0.886834, 0.147531, 0.019018, 0.965732, -0.149283, -0.145700, 0.218580, 0.693097, 1.312641, -0.566258, 0.413783
0.001404, 0.846670, 0.083440, 0.017123, 0.965130, -0.147380, -0.145700, 0.218580, 0.693097, 1.312641, -0.566258, 0.413783
0.003968, 0.849600, 0.091619, 0.015035, 0.964058, -0.144749, -0.145700, 0.218580, 0.693097, 1.312641, -0.566258, 0.413783
0.023622, 0.834707, 0.054508, 0.014217, 0.962919, -0.142915, -0.145700, 0.218580, 0.693097, 1.312641, -0.566258, 0.413783
0.032290, 0.841543, 0.092352, 0.013964, 0.961941, -0.140767, -0.145700, 0.218580, 0.693097, 1.312641, -0.566258, 0.413783
0.004822, 0.847037, 0.079412, 0.013089, 0.962261, -0.138281, -0.145700, 0.218580, 0.693097, 1.312641, -0.566258, 0.413783
0.000183, 0.887322, 0.068669, 0.011812, 0.962460, -0.135819, -0.145700, 0.218580, 0.693097, 1.312641, -0.566258, 0.413783
0.016175, 0.943112, 0.051944, 0.009788, 0.962173, -0.134089, -0.145700, 0.153269, 0.693097, 1.312641, -0.566258, 0.413783
0.044009, 0.996094, 0.037905, 0.009139, 0.962628, -0.132482, -0.145700, 0.153269, 0.693097, 1.312641, -0.566258, 0.413783
0.043521, 1.008179, 0.054264, 0.010145, 0.963305, -0.130419, -0.145700, 0.153269, 0.693097, 1.312641, -0.566258, 0.413783
0.055729, 1.013673, 0.074895, 0.011226, 0.964268, -0.126783, -0.145700, 0.153269, 0.693097, 1.312641, -0.566258, 0.413783
0.057560, 1.033449, 0.103827, 0.012896, 0.967079, -0.121622, -0.145700, 0.153269, 0.693097, 1.312641, -0.566258, 0.413783
0.068547, 1.052860, 0.089178, 0.014973, 0.970538, -0.116157, -0.145700, 0.153269, 0.693097, 1.312641, -0.566258, 0.413783
0.067570, 1.036501, 0.073918, 0.016018, 0.972751, -0.110825, -0.145700, 0.153269, 0.693097, 1.312641, -0.566258, 0.413783
0.071232, 1.018068, 0.078679, 0.017429, 0.973559, -0.105583, -0.145700, 0.153269, 0.693097, 1.312641, -0.566258, 0.413783
0.064518, 1.001587, 0.065495, 0.018486, 0.973601, -0.100940, -0.145700, 0.153269, 0.693097, 1.312641, -0.566258, 0.413783
0.076970, 1.008912, 0.046817, 0.019508, 0.973873, -0.097232, -0.145700, 0.153269, 0.693097, 1.312641, -0.566258, 0.413783
0.086980, 1.007203, 0.065495, 0.020095, 0.973823, -0.093363, -0.145700, 0.153269, 0.693097, 1.312641, -0.566258, 0.413783
0.079167, 0.983031, 0.072453, 0.020159, 0.973087, -0.088978, -0.145700, 0.153269, 0.693097, 1.312641, -0.566258, 0.413783
0.069523, 0.973387, 0.068547, 0.020367, 0.971861, -0.084827, -0.145700, 0.153269, 0.693097, 1.312641, -0.566258, 0.413783
0.066471, 0.973509, 0.090154, 0.020781, 0.970737, -0.081079, -0.145700, 0.153269, 0.693097, 1.312641, -0.566258, 0.413783
0.067204, 1.005860, 0.130928, 0.021516, 0.970369, -0.077438, -0.145700, 0.153269, 0.693097, 1.312641, -0.566258, 0.413783
0.090399, 1.036501, 0.133370, 0.022600, 0.970692, -0.073975, -0.145700, 0.153269, 0.693097, 1.312641, -0.566258, 0.413783
0.073308, 1.003052, 0.082464, 0.023679, 0.971408, -0.071412, -0.145700, 0.153269, 0.693097, 1.312641, -0.566258, 0.413783
0.080144, 0.972899, 0.085515, 0.024853, 0.971954, -0.068859, -0.145700, 0.153269, 0.693097, 1.312641, -0.566258, 0.413783
0.087591, 0.981566, 0.137032, 0.026125, 0.972559, -0.065840, -0.145700, 0.153269, 0.693097, 1.312641, -0.566258, 0.413783
0.081487, 1.010010, 0.214674, 0.027758, 0.972916, -0.062064, -0.145700, 0.153269, 0.693097, 1.312641, -0.566258, 0.413783
0.096258, 1.012940, 0.236526, 0.029452, 0.973337, -0.057972, -0.145700, 0.153269, 0.693097, 1.312641, -0.566258, 0.413783
0.091253, 0.986205, 0.200513, 0.030826, 0.973838, -0.054321, -0.145700, 0.153269, 0.693097, 1.312641, -0.566258, 0.413783
0.089788, 0.962888, 0.140450, 0.031906, 0.974260, -0.051246, -0.145700, 0.153269, 0.693097, 1.312641, -0.566258, 0.413783
0.089422, 0.973021, 0.143747, 0.032780, 0.974940, -0.048111, -0.145700, 0.153269, 0.693097, 1.312641, -0.566258, 0.413783
0.081853, 0.946408, 0.237258, 0.033562, 0.975390, -0.044073, -0.145700, 0.153269, 0.693097, 1.312641, -0.566258, 0.413783
0.109321, 0.898553, 0.182567, 0.034406, 0.975215, -0.040792, -0.145700, 0.153269, 0.693097, 1.312641, -0.566258, 0.413783
0.114326, 0.908442, 0.096869, 0.034937, 0.974675, -0.038639, -0.145700, 0.153269, 0.693097, 1.312641, -0.566258, 0.413783
0.118354, 0.920894, 0.073552, 0.035617, 0.974162, -0.037108, -0.145700, 0.153269, 0.693097, 1.312641, -0.566258, 0.413783
0.113105, 0.927486, 0.080876, 0.036408, 0.973515, -0.034696, -0.145700, 0.153269, 0.693097, 1.312641, -0.566258, 0.413783
0.106757, 0.940914, 0.093817, 0.037134, 0.972876, -0.031574, -0.145700, 0.153269, 0.693097, 1.312641, -0.566258, 0.413783
0.100653, 0.950681, 0.112250, 0.037832, 0.972467, -0.028195, -0.145700, 0.153269, 0.693097, 1.312641, -0.566258, 0.413783
0.084295, 0.956052, 0.130684, 0.038603, 0.972342, -0.024816, -0.145700, 0.153269, 0.693097, 1.312641, -0.566258, 0.413783
0.063786, 0.953732, 0.154123, 0.039335, 0.971876, -0.021220, -0.145700, 0.153269, 0.693097, 1.312641, -0.566258, 0.413783
0.048038, 0.955808, 0.173900, 0.039880, 0.971070, -0.017402, -0.145700, 0.153269, 0.693097, 1.312641, -0.566258, 0.413783
0.044375, 0.961790, 0.185009, 0.040272, 0.970371, -0.013512, -0.145700, 0.153269, 0.693097, 1.312641, -0.566258, 0.413783
0.042178, 0.967161, 0.197705, 0.040508, 0.969793, -0.009511, -0.145700, 0.153269, 0.693097, 1.312641, -0.566258, 0.413783
0.041812, 0.974974, 0.214796, 0.040778, 0.969422, -0.005305, -0.145700, 0.153269, 0.693097, 1.312641, -0.566258, 0.413783
0.047305, 0.984008, 0.228469, 0.041137, 0.969295, -0.000896, -0.145700, 0.153269, 0.693097, 1.312641, -0.566258, 0.413783
0.060245, 0.985106, 0.228469, 0.041509, 0.969481, 0.003499, -0.145700, 0.153269, 0.693097, 1.312641, -0.566258, 0.413783
0.071843, 0.980101, 0.221144, 0.041895, 0.969680, 0.007769, -0.145700, 0.153269, 0.693097, 1.312641, -0.566258, 0.413783
0.077336, 0.977049, 0.206250, 0.042394, 0.969771, 0.011605, -0.145700, 0.153269, 0.693097, 1.312641, -0.566258, 0.413783
0.078191, 0.968992, 0.192456, 0.042946, 0.969954, 0.015274, -0.145700, 0.153269, 0.693097, 1.312641, -0.566258, 0.413783
0.077336, 0.963987, 0.168772, 0.043583, 0.970257, 0.018761, -0.145700, 0.153269, 0.693097, 1.312641, -0.566258, 0.413783
0.075749, 0.960813, 0.148996, 0.044251, 0.970703, 0.022163, -0.145700, 0.153269, 0.693097, 1.312641, -0.566258, 0.413783
0.080632, 0.953488, 0.130562, 0.044954, 0.971042, 0.025277, -0.145700, 0.153269, 0.693097, 1.312641, -0.566258, 0.413783
0.074284, 0.954587, 0.119087, 0.045612, 0.971585, 0.028237, -0.145700, 0.153269, 0.693097, 1.312641, -0.566258, 0.413783
0.065617, 0.939327, 0.109076, 0.046332, 0.971658, 0.031124, -0.145700, 0.153269, 0.693097, 1.312641, -0.566258, 0.413783
0.055606, 0.927486, 0.098822, 0.047008, 0.971052, 0.033737, -0.145700, 0.153269, 0.693097, 1.312641, -0.566258, 0.413783
0.051334, 0.910883, 0.096624, 0.047553, 0.970239, 0.036282, -0.145700, 0.153269, 0.693097, 1.312641, -0.566258, 0.413783
0.039736, 0.904779, 0.104437, 0.047487, 0.969291, 0.039797, -0.145700, 0.153269, 0.693097, 1.312641, -0.566258, 0.413783
0.023622, 0.921992, 0.122993, 0.046873, 0.968390, 0.044046, -0.145700, 0.153269, 0.693097, 1.312641, -0.566258, 0.413783
0.023134, 0.918330, 0.129341, 0.046394, 0.967206, 0.048176, -0.145700, 0.153269, 0.693097, 1.312641, -0.566258, 0.413783
0.022279, 0.916987, 0.145700, 0.046092, 0.966020, 0.052733, -0.145700, 0.153269, 0.693097, 1.312641, -0.566258, 0.413783
0.017030, 0.919429, 0.157419, 0.045667, 0.965436, 0.057803, -0.145700, 0.153269, 0.693097, 1.312641, -0.566258, 0.413783
0.017884, 0.926875, 0.176219, 0.045105, 0.965335, 0.063421, -0.145700, 0.153269, 0.693097, 1.312641, -0.566258, 0.413783
0.010560, 0.943722, 0.195630, 0.044502, 0.965031, 0.069334, -0.145700, 0.153269, 0.693097, 1.312641, -0.566258, 0.413783
-0.001526, 0.959714, 0.214430, 0.043916, 0.964803, 0.075954, -0.145700, 0.153269, 0.693097, 1.312641, -0.566258, 0.413783
-0.016053, 0.975340, 0.234939, 0.043053, 0.965160, 0.083509, -0.145700, 0.153269, 0.693097, 1.312641, -0.566258, 0.413783
-0.026674, 0.969725, 0.236770, 0.041792, 0.965948, 0.091539, -0.145700, 0.153269, 0.693097, 1.312641, -0.517060, 0.413783
-0.031557, 0.965574, 0.234939, 0.040613, 0.966809, 0.099059, -0.145700, 0.153269, 0.693097, 1.312641, -0.439541, 0.413783
-0.021425, 0.955442, 0.223952, 0.040505, 0.966676, 0.105694, -0.145700, 0.153269, 0.693097, 1.312641, -0.400232, 0.413783
-0.013490, 0.950681, 0.209058, 0.040634, 0.967444, 0.111787, -0.145700, 0.153269, 0.693097, 1.312641, -0.243972, 0.413783
-0.019471, 0.952268, 0.201489, 0.039731, 0.967322, 0.116241, -0.145700, 0.153269, 0.693097, 1.312641, -0.231887, 0.413783
-0.023866, 0.944577, 0.177318, 0.037960, 0.966675, 0.120333, -0.145700, 0.143258, 0.693097, 1.312641, -0.223097, 0.413783
-0.011170, 0.939449, 0.145211, 0.036553, 0.966261, 0.123905, -0.145700, 0.143258, 0.693097, 1.312641, -0.223097, 0.413783
-0.011536, 0.942623, 0.117256, 0.036424, 0.965989, 0.126668, -0.145700, 0.143258, 0.693097, 1.312641, -0.223097, 0.413783
-0.018983, 0.958616, 0.097479, 0.036865, 0.967391, 0.128803, -0.145700, 0.143258, 0.693097, 1.312641, -0.223097, 0.413783
-0.028993, 0.938229, 0.086248, 0.038032, 0.969842, 0.131896, -0.112495, 0.143258, 0.819447, 1.312641, -0.163157, 0.413783
-0.010193, 0.949460, 0.062809, 0.038594, 0.970602, 0.134156, -0.112495, 0.143258, 0.819447, 1.312641, -0.093451, 0.413783
0.011048, 0.893060, 0.018251, 0.039165, 0.968914, 0.134666, -0.112495, 0.143258, 0.819447, 1.312641, -0.093451, 0.413783
-0.021181, 0.904657, 0.063786, 0.039081, 0.966963, 0.134902, -0.112495, 0.143258, 0.819447, 1.312641, -0.093451, 0.413783
-0.007019, 0.877678, 0.073430, 0.038491, 0.966176, 0.135569, -0.112495, 0.143258, 0.819447, 1.312641, -0.093451, 0.413783
0.000671, 0.861808, 0.063786, 0.038000, 0.966399, 0.136336, -0.112495, 0.143258, 0.819447, 1.312641, -0.093451, 0.413783
0.010926, 0.850211, 0.061832, 0.037956, 0.966707, 0.136832, -0.112495, 0.143258, 0.819813, 1.312641, -0.093451, 0.413783
0.022157, 0.852164, 0.064274, 0.039011, 0.966064, 0.137546, -0.112495, 0.143258, 0.819813, 1.312641, -0.093451, 0.413783
0.029848, 0.842276, 0.058048, 0.040435, 0.963666, 0.139061, -0.085638, 0.143258, 0.819813, 1.312641, -0.041079, 0.413783
0.028749, 0.838979, 0.060123, 0.041578, 0.961619, 0.140073, -0.071354, 0.143258, 0.819813, 1.312641, -0.010071, 0.413783
0.023744, 0.847281, 0.063664, 0.042420, 0.960999, 0.140709, -0.071354, 0.143258, 0.819813, 1.312641, -0.010071, 0.413783
0.020082, 0.857779, 0.072453, 0.043217, 0.961200, 0.140912, -0.071354, 0.143258, 0.819813, 1.312641, -0.010071, 0.413783
-0.000671, 0.862907, 0.085149, 0.042999, 0.959836, 0.141113, -0.071354, 0.143258, 0.819813, 1.312641, -0.010071, 0.413783
-0.021913, 0.871574, 0.104071, 0.041663, 0.957984, 0.142255, -0.071354, 0.143258, 0.819813, 1.312641, 0.018251, 0.413783
-0.056827, 0.869987, 0.142648, 0.040153, 0.956314, 0.142936, -0.071354, 0.143258, 0.819813, 1.312641, 0.018251, 0.413783
-0.105048, 0.862785, 0.191479, 0.038894, 0.955052, 0.143606, -0.105048, 0.143258, 0.819813, 1.312641, 0.018251, 0.413783
-0.072453, 0.892938, 0.165110, 0.038883, 0.955783, 0.143524, -0.105048, 0.143258, 0.834707, 1.312641, 0.018251, 0.413783
-0.026918, 0.923457, 0.113593, 0.038883, 0.955127, 0.141668, -0.105048, 0.143258, 0.834707, 1.312641, 0.018251, 0.413783
-0.007019, 0.922603, 0.080632, 0.038810, 0.953411, 0.138561, -0.105048, 0.143258, 0.834707, 1.312641, 0.018251, 0.413783
-0.029726, 0.918086, 0.067936, 0.037698, 0.950677, 0.135324, -0.105048, 0.143258, 0.834707, 1.312641, 0.018251, 0.413783
-0.043521, 0.930416, 0.051700, 0.035830, 0.946855, 0.131704, -0.105048, 0.118354, 0.834707, 1.271989, 0.018251, 0.366050
-0.033632, 0.942990, 0.026430, 0.034350, 0.943565, 0.128307, -0.105048, 0.118354, 0.834707, 1.176402, 0.018251, 0.288531
-0.006653, 0.961057, -0.007874, 0.033415, 0.941411, 0.125343, -0.105048, 0.118354, 0.834707, 1.106940, -0.007874, 0.265336
-0.003113, 0.977293, -0.022523, 0.032863, 0.940115, 0.122465, -0.105048, 0.118354, 0.834707, 1.052860, -0.022523, 0.237258
0.030458, 1.054935, -0.044253, 0.033131, 0.941213, 0.119955, -0.105048, 0.118354, 0.834707, 1.054935, -0.044253, 0.237258
0.079900, 0.979369, -0.114814, 0.034035, 0.942070, 0.116910, -0.105048, 0.118354, 0.834707, 1.054935, -0.114814, 0.237258
0.038149, 1.034304, -0.160837, 0.034448, 0.943545, 0.113827, -0.105048, 0.118354, 0.834707, 1.054935, -0.160837, 0.237258
0.018251, 1.033449, -0.203565, 0.034616, 0.945413, 0.110956, -0.105048, 0.118354, 0.834707, 1.054935, -0.203565, 0.237258
0.011903, 1.016114, -0.219313, 0.034696, 0.947078, 0.107847, -0.105048, 0.118354, 0.834707, 1.054935, -0.219313, 0.237258
0.002380, 1.008423, -0.227126, 0.034483, 0.948815, 0.105031, -0.105048, 0.118354, 0.838979, 1.054935, -0.227126, 0.237258
0.002136, 1.001709, -0.221876, 0.034182, 0.950417, 0.101889, -0.105048, 0.118354, 0.838979, 1.054935, -0.227126, 0.237258
0.001038, 1.006104, -0.223707, 0.034144, 0.952008, 0.098857, -0.105048, 0.118354, 0.838979, 1.054935, -0.227126, 0.237258
0.009705, 1.015382, -0.222853, 0.034239, 0.953288, 0.095942, -0.105048, 0.118354, 0.838979, 1.054935, -0.227126, 0.237258
0.011292, 1.016969, -0.230788, 0.034190, 0.954027, 0.093115, -0.105048, 0.118354, 0.838979, 1.054935, -0.230788, 0.237258
0.011536, 1.008667, -0.238235, 0.033866, 0.954152, 0.090353, -0.105048, 0.118354, 0.838979, 1.054935, -0.238235, 0.237258
0.016664, 1.003662, -0.242996, 0.033597, 0.954107, 0.087381, -0.105048, 0.118354, 0.838979, 1.054935, -0.242996, 0.237258
0.021181, 0.994262, -0.254959, 0.033252, 0.953913, 0.084082, -0.105048, 0.118354, 0.838979, 1.054935, -0.254959, 0.237258
0.027773, 0.981810, -0.255814, 0.032954, 0.953397, 0.080486, -0.105048, 0.118354, 0.838979, 1.054935, -0.255814, 0.237258
0.024965, 0.965574, -0.258500, 0.032518, 0.952524, 0.077009, -0.105048, 0.118354, 0.838979, 1.054935, -0.258500, 0.237258
0.022768, 0.964720, -0.248489, 0.032070, 0.951806, 0.073785, -0.105048, 0.118354, 0.838979, 1.054935, -0.258500, 0.237258
0.020692, 0.963255, -0.237746, 0.031564, 0.951258, 0.070621, -0.105048, 0.118354, 0.838979, 1.054935, -0.258500, 0.237258
0.022645, 0.975096, -0.212721, 0.031146, 0.950993, 0.067839, -0.105048, 0.118354, 0.838979, 1.054935, -0.258500, 0.237258
0.036318, 1.037112, -0.190502, 0.030739, 0.951275, 0.065465, -0.105048, 0.118354, 0.838979, 1.054935, -0.258500, 0.237258
0.030703, 1.100958, -0.206983, 0.030176, 0.952213, 0.062741, -0.105048, 0.118354, 0.838979, 1.100958, -0.258500, 0.237258
0.012391, 1.069584, -0.275835, 0.029509, 0.953078, 0.059258, -0.105048, 0.118354, 0.838979, 1.100958, -0.275835, 0.237258
0.013612, 0.939694, -0.292804, 0.028950, 0.952741, 0.055644, -0.105048, 0.118354, 0.838979, 1.100958, -0.292804, 0.237258
0.040469, 1.014771, -0.290606, 0.028690, 0.953154, 0.051837, -0.105048, 0.118354, 0.838979, 1.100958, -0.292804, 0.237258
0.031191, 0.991821, -0.323933, 0.028329, 0.953013, 0.047288, -0.105048, 0.118354, 0.838979, 1.100958, -0.323933, 0.237258
-0.032534, 0.825795, -0.305744, 0.027100, 0.950906, 0.042897, -0.105048, 0.118354, 0.825795, 1.100958, -0.323933, 0.237258
-0.065006, 0.714826, -0.332235, 0.025717, 0.948024, 0.038750, -0.105048, 0.118354, 0.714826, 1.100958, -0.332235, 0.237258
0.008240, 0.654520, -0.298785, 0.024998, 0.944840, 0.034907, -0.105048, 0.118354, 0.654520, 1.100958, -0.332235, 0.237258
0.097113, 0.886346, -0.133858, 0.025093, 0.943888, 0.032198, -0.105048, 0.118354, 0.654520, 1.100958, -0.332235, 0.237258
0.142038, 0.991943, -0.123970, 0.025699, 0.943707, 0.028812, -0.105048, 0.142038, 0.654520, 1.100958, -0.332235, 0.237258
0.112128, 0.985473, -0.187328, 0.025857, 0.943433, 0.024573, -0.105048, 0.142038, 0.654520, 1.100958, -0.332235, 0.237258
0.026674, 0.924312, -0.001282, 0.025212, 0.942814, 0.022555, -0.105048, 0.142038, 0.654520, 1.100958, -0.332235, 0.237258
0.035952, 0.889153, 0.126289, 0.024673, 0.942077, 0.022413, -0.105048, 0.142038, 0.654520, 1.100958, -0.332235, 0.237258
0.067204, 0.994262, 0.286456, 0.024451, 0.942289, 0.023841, -0.105048, 0.142038, 0.654520, 1.100958, -0.332235, 0.286456
0.102606, 1.033083, 0.274980, 0.024659, 0.943156, 0.024218, -0.105048, 0.142038, 0.654520, 1.100958, -0.332235, 0.286456
0.094671, 1.076665, 0.265336, 0.024512, 0.944937, 0.025045, -0.105048, 0.142038, 0.654520, 1.100958, -0.332235, 0.286456
0.072941, 1.014283, 0.202466, 0.024098, 0.945995, 0.026101, -0.105048, 0.142038, 0.654520, 1.100958, -0.332235, 0.286456
0.008118, 0.938229, 0.243118, 0.022996, 0.946169, 0.027797, -0.105048, 0.142038, 0.654520, 1.100958, -0.332235, 0.286456
0.140817, 0.787829, 0.298297, 0.023273, 0.944772, 0.029971, -0.105048, 0.142038, 0.654520, 1.100958, -0.332235, 0.298297
0.129708, 0.774767, 0.476408, 0.023502, 0.943111, 0.033797, -0.105048, 0.142038, 0.654520, 1.100958, -0.332235, 0.476408
0.061222, 0.864860, 0.547214, 0.023108, 0.942252, 0.038147, -0.105048, 0.142038, 0.654520, 1.100958, -0.332235, 0.547214
0.150583, 0.820790, 0.470427, 0.023771, 0.940900, 0.041544, -0.105048, 0.150583, 0.654520, 1.100958, -0.332235, 0.547214
0.143991, 0.875481, 0.533419, 0.024573, 0.940117, 0.045337, -0.105048, 0.150583, 0.654520, 1.100958, -0.332235, 0.547214
0.098944, 0.991333, 0.564304, 0.025082, 0.940472, 0.049241, -0.105048, 0.150583, 0.654520, 1.100958, -0.332235, 0.564304
0.039492, 1.101202, 0.593969, 0.025033, 0.941867, 0.053331, -0.105048, 0.150583, 0.654520, 1.101202, -0.332235, 0.593969
-0.018129, 1.191418, 0.567601, 0.024430, 0.944109, 0.057030, -0.105048, 0.150583, 0.654520, 1.191418, -0.332235, 0.593969
-0.018495, 1.164683, 0.297320, 0.023827, 0.946006, 0.057855, -0.105048, 0.150583, 0.654520, 1.191418, -0.332235, 0.593969
0.055118, 1.229995, 0.152170, 0.023905, 0.948466, 0.057092, -0.105048, 0.150583, 0.654520, 1.229995, -0.332235, 0.593969
0.146554, 1.241348, 0.082464, 0.024768, 0.951029, 0.055632, -0.105048, 0.150583, 0.654520, 1.241348, -0.332235, 0.593969
0.214552, 1.157602, 0.092840, 0.026195, 0.952804, 0.054349, -0.105048, 0.214552, 0.654520, 1.241348, -0.332235, 0.593969
0.205274, 1.043826, 0.171214, 0.027475, 0.953471, 0.053999, -0.105048, 0.214552, 0.654520, 1.241348, -0.332235, 0.593969
0.131783, 0.930904, 0.173656, 0.028011, 0.953090, 0.053811, -0.105048, 0.214552, 0.654520, 1.241348, -0.332235, 0.593969
0.083684, 0.832753, 0.179271, 0.028074, 0.951778, 0.053916, -0.105048, 0.214552, 0.654520, 1.241348, -0.332235, 0.593969
0.093573, 0.776353, 0.189892, 0.028252, 0.949933, 0.054325, -0.105048, 0.214552, 0.654520, 1.241348, -0.332235, 0.593969
0.108832, 0.845327, 0.140206, 0.028534, 0.948852, 0.054421, -0.105048, 0.214552, 0.654520, 1.241348, -0.332235, 0.593969
0.122383, 0.922481, 0.113715, 0.029015, 0.948531, 0.054367, -0.105048, 0.214552, 0.654520, 1.241348, -0.332235, 0.593969
0.132515, 0.962888, 0.090765, 0.029684, 0.948766, 0.054184, -0.105048, 0.214552, 0.654520, 1.241348, -0.332235, 0.593969
0.108466, 0.988158, 0.082097, 0.030213, 0.949373, 0.054017, -0.105048, 0.214552, 0.654520, 1.241348, -0.332235, 0.593969
0.093695, 1.009400, 0.067448, 0.030637, 0.950358, 0.053725, -0.105048, 0.214552, 0.654520, 1.241348, -0.332235, 0.593969
0.085149, 1.081060, 0.050235, 0.031091, 0.952121, 0.053183, -0.105048, 0.214552, 0.654520, 1.241348, -0.332235, 0.593969
0.072087, 1.068730, 0.011658, 0.031575, 0.953588, 0.052070, -0.105048, 0.214552, 0.654520, 1.241348, -0.332235, 0.593969
0.070378, 1.047488, 0.027040, 0.032048, 0.954880, 0.051047, -0.105048, 0.214552, 0.654520, 1.241348, -0.332235, 0.593969
0.090276, 1.060184, 0.072453, 0.032728, 0.956312, 0.050314, -0.105048, 0.214552, 0.654520, 1.241348, -0.332235, 0.593969
0.107245, 1.061405, 0.079656, 0.033630, 0.957732, 0.049537, -0.105048, 0.214552, 0.654520, 1.241348, -0.332235, 0.593969
0.133858, 1.044192, 0.068547, 0.034790, 0.958905, 0.048460, -0.105048, 0.214552, 0.654520, 1.241348, -0.332235, 0.593969
0.132027, 0.993774, 0.097723, 0.036004, 0.959405, 0.047481, -0.105048, 0.214552, 0.654520, 1.241348, -0.332235, 0.593969
0.113715, 0.984740, 0.117256, 0.037157, 0.959656, 0.046509, -0.105048, 0.214552, 0.654520, 1.241348, -0.332235, 0.593969
0.083684, 0.994018, 0.133004, 0.038154, 0.959843, 0.045490, -0.105048, 0.214552, 0.654520, 1.241348, -0.332235, 0.593969
0.066838, 0.994262, 0.150095, 0.039089, 0.960088, 0.044623, -0.105048, 0.214552, 0.654520, 1.241348, -0.332235, 0.593969
0.070866, 0.957151, 0.146554, 0.040114, 0.960004, 0.043739, -0.105048, 0.214552, 0.654520, 1.241348, -0.332235, 0.593969
0.058903, 0.940792, 0.154367, 0.040917, 0.959857, 0.043043, -0.105048, 0.214552, 0.654520, 1.241348, -0.332235, 0.593969
0.047916, 0.957395, 0.187328, 0.041531, 0.959924, 0.042826, -0.105048, 0.214552, 0.654520, 1.241348, -0.332235, 0.593969
0.078679, 0.982665, 0.300983, 0.042512, 0.960228, 0.043821, -0.105048, 0.214552, 0.654520, 1.241348, -0.332235, 0.593969
0.099066, 1.046390, 0.345785, 0.043742, 0.961246, 0.045506, -0.105048, 0.214552, 0.654520, 1.241348, -0.332235, 0.593969
0.108344, 1.032595, 0.368125, 0.044937, 0.962178, 0.047735, -0.105048, 0.214552, 0.654520, 1.241348, -0.332235, 0.593969
0.133370, 1.003296, 0.418177, 0.046386, 0.962785, 0.050744, -0.105048, 0.214552, 0.654520, 1.241348, -0.332235, 0.593969
0.144479, 0.970579, 0.502655, 0.048021, 0.962904, 0.054796, -0.105048, 0.214552, 0.654520, 1.241348, -0.332235, 0.593969
0.159373, 0.862052, 0.539156, 0.049904, 0.962142, 0.059325, -0.105048, 0.214552, 0.654520, 1.241348, -0.332235, 0.593969
0.109687, 0.887811, 0.863883, 0.051103, 0.961526, 0.067336, -0.105048, 0.214552, 0.654520, 1.241348, -0.332235, 0.863883
0.063908, 1.025636, 1.141122, 0.051632, 0.962852, 0.078564, -0.105048, 0.214552, 0.654520, 1.241348, -0.332235, 1.141122
0.080144, 0.999268, 0.995361, 0.052645, 0.963798, 0.087880, -0.105048, 0.214552, 0.654520, 1.241348, -0.332235, 1.141122
0.165110, 1.030519, 0.677104, 0.054366, 0.965326, 0.093917, -0.105048, 0.214552, 0.654520, 1.241348, -0.332235, 1.141122
0.190624, 1.049930, 0.682476, 0.056266, 0.967207, 0.100104, -0.105048, 0.214552, 0.654520, 1.241348, -0.332235, 1.141122
0.010682, 0.953244, 0.506684, 0.056263, 0.968238, 0.104552, -0.105048, 0.214552, 0.654520, 1.241348, -0.332235, 1.141122
-0.004090, 0.824086, 0.123604, 0.056001, 0.967957, 0.105146, -0.105048, 0.214552, 0.654520, 1.241348, -0.332235, 1.141122
0.031435, 0.792834, -0.315510, 0.056017, 0.967463, 0.101410, -0.105048, 0.214552, 0.654520, 1.241348, -0.332235, 1.141122
0.086980, 0.632912, -0.519136, 0.056599, 0.965402, 0.095617, -0.105048, 0.214552, 0.632912, 1.241348, -0.519136, 1.141122
0.012147, 0.660258, -0.386193, 0.056483, 0.963532, 0.091119, -0.105048, 0.214552, 0.632912, 1.241348, -0.519136, 1.141122
-0.010193, 0.809437, -0.306842, 0.056180, 0.963048, 0.087326, -0.105048, 0.214552, 0.632912, 1.241348, -0.519136, 1.141122
-0.045230, 0.783434, -0.383507, 0.055735, 0.962254, 0.082639, -0.105048, 0.214552, 0.632912, 1.241348, -0.519136, 1.141122
-0.047671, 0.779650, -0.547458, 0.055477, 0.961334, 0.076124, -0.105048, 0.214552, 0.632912, 1.241348, -0.547458, 1.141122
-0.146432, 0.905634, -0.504853, 0.054581, 0.961691, 0.069649, -0.146432, 0.214552, 0.632912, 1.241348, -0.547458, 1.141122
-0.204175, 0.875725, -0.503021, 0.053590, 0.961820, 0.062704, -0.204175, 0.214552, 0.632912, 1.241348, -0.547458, 1.141122
-0.252518, 0.834585, -0.564793, 0.051789, 0.961237, 0.055405, -0.252518, 0.214552, 0.632912, 1.241348, -0.564793, 1.141122
-0.326741, 0.918208, -0.478606, 0.048791, 0.961184, 0.049483, -0.326741, 0.214552, 0.632912, 1.241348, -0.564793, 1.141122
-0.199780, 0.966307, -0.414881, 0.046863, 0.961621, 0.044528, -0.326741, 0.214552, 0.632912, 1.241348, -0.564793, 1.141122
0.038149, 0.986816, -0.251053, 0.047542, 0.962309, 0.041338, -0.326741, 0.214552, 0.632912, 1.241348, -0.564793, 1.141122
0.101752, 1.213026, -0.057560, 0.048995, 0.965135, 0.040245, -0.326741, 0.214552, 0.632912, 1.241348, -0.564793, 1.141122
0.148263, 1.136971, -0.043765, 0.050814, 0.967074, 0.039543, -0.326741, 0.214552, 0.632912, 1.241348, -0.564793, 1.141122
0.051700, 1.045779, -0.098334, 0.051397, 0.967922, 0.038639, -0.326741, 0.214552, 0.632912, 1.241348, -0.564793, 1.141122
-0.036440, 1.002930, -0.116401, 0.051064, 0.968178, 0.037700, -0.326741, 0.214552, 0.632912, 1.241348, -0.564793, 1.141122
-0.070622, 0.931270, -0.138497, 0.050053, 0.966941, 0.036758, -0.326741, 0.214552, 0.632912, 1.241348, -0.564793, 1.141122
0.017640, 0.941647, -0.119331, 0.049431, 0.966564, 0.036712, -0.326741, 0.214552, 0.632912, 1.241348, -0.564793, 1.141122
0.096502, 0.893304, -0.111884, 0.050014, 0.965154, 0.037202, -0.326741, 0.214552, 0.632912, 1.241348, -0.564793, 1.141122
0.048770, 0.948727, -0.018983, 0.050319, 0.964307, 0.039048, -0.326741, 0.214552, 0.632912, 1.241348, -0.564793, 1.141122
0.048770, 0.961057, -0.033999, 0.050688, 0.963756, 0.040901, -0.326741, 0.214552, 0.632912, 1.241348, -0.564793, 1.141122
0.012025, 0.964842, -0.027406, 0.050784, 0.963321, 0.042898, -0.326741, 0.214552, 0.632912, 1.241348, -0.564793, 1.141122
-0.037051, 0.970945, -0.040347, 0.050392, 0.963013, 0.044713, -0.326741, 0.214552, 0.632912, 1.241348, -0.564793, 1.141122
-0.052432, 0.999390, -0.051822, 0.049858, 0.962946, 0.046432, -0.326741, 0.214552, 0.632912, 1.241348, -0.564793, 1.141122
-0.028749, 0.994506, -0.013490, 0.049473, 0.962737, 0.048526, -0.326741, 0.214552, 0.632912, 1.241348, -0.564793, 1.141122
0.021791, 1.019777, -0.022035, 0.049578, 0.962765, 0.050613, -0.326741, 0.214552, 0.632912, 1.241348, -0.564793, 1.141122
0.047427, 1.003418, -0.013856, 0.049937, 0.962713, 0.052857, -0.326741, 0.214552, 0.632912, 1.241348, -0.564793, 1.141122
0.049380, 0.991088, -0.019838, 0.050264, 0.962587, 0.055089, -0.326741, 0.214552, 0.632912, 1.241348, -0.564793, 1.141122
0.060367, 0.960813, -0.029238, 0.050656, 0.962252, 0.057346, -0.326741, 0.214552, 0.632912, 1.241348, -0.564793, 1.141122
0.053775, 0.940304, -0.051822, 0.050916, 0.961837, 0.059386, -0.326741, 0.214552, 0.632912, 1.241348, -0.564793, 1.141122
0.057193, 0.933223, -0.065617, 0.051238, 0.961514, 0.061315, -0.326741, 0.214552, 0.632912, 1.241348, -0.564793, 1.141122
0.040469, 0.939205, -0.058292, 0.051415, 0.961259, 0.063217, -0.326741, 0.214552, 0.632912, 1.241348, -0.564793, 1.141122
0.031313, 0.957639, -0.058292, 0.051522, 0.961202, 0.065011, -0.326741, 0.214552, 0.632912, 1.241348, -0.564793, 1.141122
0.032290, 1.005493, -0.061344, 0.051618, 0.961506, 0.066525, -0.326741, 0.214552, 0.632912, 1.241348, -0.564793, 1.141122
0.029848, 0.996826, -0.041079, 0.051553, 0.961104, 0.068019, -0.326741, 0.214552, 0.632912, 1.241348, -0.564793, 1.141122
0.055973, 0.978392, -0.058536, 0.051806, 0.959878, 0.069504, -0.326741, 0.214552, 0.632912, 1.241348, -0.564793, 1.141122
0.066960, 0.961179, -0.077458, 0.052352, 0.958794, 0.071487, -0.326741, 0.214552, 0.632912, 1.241348, -0.564793, 1.141122
0.070134, 0.956296, -0.082341, 0.052917, 0.958960, 0.073592, -0.326741, 0.214552, 0.632912, 1.241348, -0.564793, 1.141122
0.053775, 0.955564, -0.061344, 0.053050, 0.958368, 0.075885, -0.326741, 0.214552, 0.632912, 1.241348, -0.564793, 1.141122
0.033022, 0.992431, -0.033999, 0.053068, 0.958374, 0.078784, -0.326741, 0.214552, 0.632912, 1.241348, -0.564793, 1.141122
0.033999, 1.025759, -0.036929, 0.053734, 0.960374, 0.081472, -0.326741, 0.214552, 0.632912, 1.241348, -0.564793, 1.141122
0.049991, 1.053104, -0.038882, 0.054884, 0.963756, 0.084406, -0.326741, 0.214552, 0.632912, 1.241348, -0.564793, 1.141122
0.062321, 1.022218, -0.064518, 0.055425, 0.967433, 0.086748, -0.326741, 0.214552, 0.632912, 1.241348, -0.564793, 1.141122
0.049747, 0.990844, -0.096991, 0.054951, 0.968478, 0.087117, -0.326741, 0.214552, 0.632912, 1.241348, -0.564793, 1.141122
0.062443, 1.019166, -0.083074, 0.054155, 0.968751, 0.087526, -0.326741, 0.214552, 0.632912, 1.241348, -0.564793, 1.141122
-0.018983, 0.951291, -0.106391, 0.052844, 0.968409, 0.088335, -0.326741, 0.214552, 0.632912, 1.241348, -0.564793, 1.141122
0.004578, 0.995483, -0.073796, 0.052623, 0.969120, 0.087610, -0.326741, 0.214552, 0.632912, 1.241348, -0.564793, 1.141122
0.015199, 1.025514, -0.042422, 0.052415, 0.970484, 0.085923, -0.326741, 0.214552, 0.632912, 1.241348, -0.564793, 1.141122
0.024477, 1.024782, -0.044375, 0.051988, 0.970789, 0.082615, -0.326741, 0.214552, 0.632912, 1.241348, -0.564793, 1.141122
0.036196, 1.003906, -0.041201, 0.051324, 0.970497, 0.079453, -0.326741, 0.214552, 0.632912, 1.241348, -0.564793, 1.141122
0.019471, 0.945920, -0.045962, 0.050572, 0.969190, 0.076340, -0.326741, 0.214552, 0.632912, 1.241348, -0.564793, 1.141122
0.004334, 0.927242, -0.047671, 0.049886, 0.968320, 0.073839, -0.326741, 0.214552, 0.632912, 1.241348, -0.564793, 1.141122
-0.006287, 0.920649, -0.047793, 0.049742, 0.968144, 0.070930, -0.326741, 0.214552, 0.632912, 1.241348, -0.564793, 1.141122
-0.012635, 0.924922, -0.041812, 0.048207, 0.969515, 0.067529, -0.326741, 0.214552, 0.632912, 1.241348, -0.564793, 1.141122
-0.005921, 0.936153, -0.033999, 0.046851, 0.971129, 0.062424, -0.326741, 0.214552, 0.632912, 1.241348, -0.564793, 1.141122
0.008729, 0.964842, -0.024110, 0.046326, 0.972128, 0.056711, -0.326741, 0.214552, 0.632912, 1.241348, -0.564793, 1.141122
0.015931, 0.968992, -0.023500, 0.044980, 0.973610, 0.051772, -0.326741, 0.214552, 0.632912, 1.241348, -0.564793, 1.141122
0.017152, 0.975829, -0.036196, 0.043711, 0.974614, 0.046076, -0.326741, 0.214552, 0.632912, 1.241348, -0.564793, 1.141122
0.007630, 0.973875, -0.016542, 0.042798, 0.974439, 0.040267, -0.326741, 0.214552, 0.632912, 1.241348, -0.564793, 1.141122
0.015931, 0.979857, -0.040713, 0.042562, 0.973226, 0.033921, -0.326741, 0.214552, 0.632912, 1.241348, -0.564793, 1.141122
0.030092, 1.000854, -0.038882, 0.043045, 0.971320, 0.027856, -0.326741, 0.214552, 0.632912, 1.241348, -0.564793, 1.141122
0.047183, 1.018434, -0.052554, 0.043701, 0.969858, 0.024357, -0.326741, 0.214552, 0.632912, 1.241348, -0.564793, 1.141122
0.033266, 1.002075, -0.063053, 0.043483, 0.967579, 0.022205, -0.326741, 0.214552, 0.632912, 1.241348, -0.564793, 1.141122
0.018983, 0.989990, -0.084905, 0.042207, 0.965065, 0.020531, -0.326741, 0.214552, 0.632912, 1.213026, -0.564793, 1.141122
0.010438, 0.973265, -0.088079, 0.040166, 0.963222, 0.018722, -0.326741, 0.205274, 0.632912, 1.213026, -0.564793, 1.141122
0.012879, 0.998413, -0.112128, 0.038242, 0.962767, 0.015888, -0.326741, 0.190624, 0.632912, 1.213026, -0.564793, 1.141122
0.019593, 1.018434, -0.112983, 0.037120, 0.963643, 0.013022, -0.326741, 0.190624, 0.632912, 1.213026, -0.564793, 1.141122
0.012025, 0.985595, -0.130806, 0.036404, 0.965171, 0.009921, -0.326741, 0.190624, 0.632912, 1.213026, -0.564793, 1.141122
0.007264, 0.948117, -0.142160, 0.035541, 0.966889, 0.006601, -0.326741, 0.190624, 0.632912, 1.213026, -0.564793, 1.141122
0.013734, 0.955075, -0.167552, 0.034590, 0.967986, 0.003523, -0.326741, 0.190624, 0.632912, 1.213026, -0.564793, 1.141122
0.026430, 0.940060, -0.189648, 0.033630, 0.968162, 0.000490, -0.326741, 0.190624, 0.632912, 1.213026, -0.564793, 1.141122
0.025453, 0.926021, -0.206372, 0.032559, 0.967793, -0.002482, -0.326741, 0.190624, 0.632912, 1.213026, -0.564793, 1.141122
0.012635, 0.916010, -0.206617, 0.031601, 0.967072, -0.005369, -0.326741, 0.190624, 0.632912, 1.213026, -0.564793, 1.141122
0.046695, 0.853018, -0.222853, 0.031131, 0.965508, -0.008272, -0.326741, 0.190624, 0.632912, 1.213026, -0.564793, 1.141122
0.087103, 0.896966, -0.184398, 0.031151, 0.963667, -0.010618, -0.326741, 0.190624, 0.632912, 1.213026, -0.564793, 1.141122
0.098822, 0.982909, -0.211622, 0.031418, 0.962809, -0.012851, -0.326741, 0.190624, 0.632912, 1.213026, -0.564793, 1.141122
0.086980, 0.967161, -0.266313, 0.031584, 0.962006, -0.015785, -0.326741, 0.190624, 0.632912, 1.213026, -0.564793, 1.141122
0.013734, 0.929683, -0.201856, 0.030819, 0.960701, -0.018528, -0.326741, 0.190624, 0.632912, 1.213026, -0.564793, 1.141122
-0.027162, 0.975707, -0.103583, 0.029474, 0.959844, -0.020360, -0.326741, 0.190624, 0.632912, 1.213026, -0.564793, 1.141122
0.041445, 1.115486, -0.198559, 0.028550, 0.960557, -0.023031, -0.326741, 0.190624, 0.632912, 1.213026, -0.564793, 1.141122
0.049991, 1.144052, -0.253006, 0.027730, 0.962059, -0.026538, -0.326741, 0.190624, 0.632912, 1.213026, -0.564793, 1.141122
0.047793, 1.096808, -0.240188, 0.027071, 0.963180, -0.030113, -0.326741, 0.190624, 0.632912, 1.213026, -0.564793, 1.141122
0.054630, 0.978514, -0.210767, 0.026780, 0.963025, -0.033551, -0.326741, 0.190624, 0.632912, 1.213026, -0.564793, 1.141122
0.051944, 1.002320, -0.112373, 0.026631, 0.963106, -0.036175, -0.326741, 0.190624, 0.632912, 1.213026, -0.564793, 1.141122
0.087713, 1.039431, -0.136056, 0.026800, 0.963928, -0.039001, -0.326741, 0.190624, 0.632912, 1.213026, -0.564793, 1.141122
-0.005066, 1.068974, -0.180980, 0.026160, 0.965210, -0.042355, -0.326741, 0.190624, 0.632912, 1.213026, -0.564793, 1.141122
-0.023622, 0.979857, -0.203565, 0.025445, 0.965435, -0.046264, -0.326741, 0.190624, 0.632912, 1.213026, -0.564793, 1.141122
-0.029238, 0.905023, -0.219679, 0.024366, 0.964658, -0.051470, -0.326741, 0.190624, 0.632912, 1.213026, -0.564793, 1.141122
0.022890, 0.955320, -0.091741, 0.023604, 0.963748, -0.055846, -0.326741, 0.190624, 0.632912, 1.213026, -0.564793, 1.141122
0.022645, 0.984252, -0.105780, 0.022747, 0.963264, -0.060585, -0.326741, 0.190624, 0.632912, 1.213026, -0.564793, 1.141122
0.038393, 0.912470, -0.042300, 0.021797, 0.962356, -0.065190, -0.326741, 0.190624, 0.632912, 1.213026, -0.564793, 1.141122
0.091253, 0.897210, 0.042544, 0.021265, 0.961622, -0.069791, -0.326741, 0.190624, 0.632912, 1.213026, -0.564793, 1.141122
0.098456, 0.847159, 0.110664, 0.020656, 0.961473, -0.074076, -0.326741, 0.190624, 0.632912, 1.213026, -0.564793, 1.141122
0.082586, 0.928218, 0.289629, 0.020385, 0.961878, -0.079818, -0.326741, 0.190624, 0.632912, 1.213026, -0.564793, 1.141122
0.086980, 0.932857, 0.310261, 0.020615, 0.960950, -0.088127, -0.326741, 0.190624, 0.632912, 1.213026, -0.564793, 0.995361
0.019227, 1.056400, 0.450772, 0.020006, 0.961521, -0.093573, -0.326741, 0.190624, 0.632912, 1.213026, -0.564793, 0.682476
0.093939, 0.922969, 0.529512, 0.019294, 0.960446, -0.095049, -0.326741, 0.190624, 0.632912, 1.213026, -0.564793, 0.682476
0.183422, 0.730819, 0.666361, 0.019222, 0.957254, -0.095210, -0.326741, 0.183422, 0.632912, 1.213026, -0.564793, 0.666361
0.233718, 0.786852, 0.718122, 0.021453, 0.955591, -0.093095, -0.326741, 0.233718, 0.632912, 1.213026, -0.564793, 0.718122
0.236892, 0.817372, 0.736312, 0.023863, 0.955523, -0.086968, -0.326741, 0.236892, 0.632912, 1.213026, -0.564793, 0.736312
0.180858, 0.868766, 0.733748, 0.025357, 0.956283, -0.076476, -0.326741, 0.236892, 0.632912, 1.213026, -0.564793, 0.736312
0.039004, 1.086187, 0.581762, 0.024877, 0.960815, -0.065467, -0.326741, 0.236892, 0.660258, 1.213026, -0.564793, 0.736312
0.025941, 1.160288, 0.483001, 0.025015, 0.965816, -0.056775, -0.326741, 0.236892, 0.730819, 1.213026, -0.564793, 0.736312
0.053775, 1.124397, 0.386315, 0.025655, 0.968965, -0.049843, -0.326741, 0.236892, 0.730819, 1.213026, -0.564793, 0.736312
0.105170, 1.082280, 0.381432, 0.027159, 0.971954, -0.042194, -0.326741, 0.236892, 0.730819, 1.213026, -0.564793, 0.736312
0.123848, 1.042849, 0.344564, 0.028874, 0.974586, -0.033274, -0.326741, 0.236892, 0.730819, 1.213026, -0.564793, 0.736312
0.111640, 1.019777, 0.277666, 0.031455, 0.975727, -0.025448, -0.326741, 0.236892, 0.730819, 1.213026, -0.564793, 0.736312
0.084783, 0.978758, 0.310871, 0.034344, 0.976758, -0.017309, -0.326741, 0.236892, 0.730819, 1.213026, -0.564793, 0.736312
0.051700, 0.898798, 0.230666, 0.037386, 0.977400, -0.009355, -0.326741, 0.236892, 0.730819, 1.213026, -0.478606, 0.736312
0.061100, 0.872917, 0.244217, 0.041265, 0.976947, -0.002127, -0.199780, 0.236892, 0.730819, 1.213026, -0.414881, 0.736312
0.058780, 0.870842, 0.234572, 0.043850, 0.975992, 0.004368, -0.070622, 0.236892, 0.730819, 1.213026, -0.266313, 0.736312
0.078435, 0.868400, 0.188061, 0.044253, 0.974808, 0.008759, -0.070622, 0.236892, 0.730819, 1.213026, -0.266313, 0.736312
0.092474, 0.885979, 0.193798, 0.044160, 0.971538, 0.011273, -0.070622, 0.236892, 0.730819, 1.160288, -0.266313, 0.736312
0.108344, 0.913203, 0.191967, 0.043761, 0.969300, 0.013630, -0.070622, 0.236892, 0.730819, 1.160288, -0.266313, 0.736312
0.109565, 0.970823, 0.188915, 0.044340, 0.968550, 0.016502, -0.070622, 0.236892, 0.730819, 1.160288, -0.266313, 0.736312
0.069157, 0.999023, 0.188061, 0.045396, 0.968511, 0.019547, -0.070622, 0.236892, 0.730819, 1.160288, -0.266313, 0.736312
0.048038, 1.016358, 0.188183, 0.046582, 0.969362, 0.022814, -0.052432, 0.236892, 0.730819, 1.160288, -0.266313, 0.736312
0.033632, 1.009278, 0.188061, 0.046742, 0.970038, 0.025888, -0.052432, 0.236892, 0.730819, 1.160288, -0.266313, 0.736312
0.046695, 0.976073, 0.186474, 0.046244, 0.970866, 0.028871, -0.052432, 0.236892, 0.730819, 1.160288, -0.266313, 0.736312
0.035219, 0.951535, 0.204175, 0.046109, 0.970894, 0.031103, -0.052432, 0.236892, 0.730819, 1.160288, -0.266313, 0.736312
0.024721, 0.947262, 0.225294, 0.045868, 0.970756, 0.033696, -0.052432, 0.236892, 0.730819, 1.160288, -0.266313, 0.736312
0.009339, 0.974486, 0.235915, 0.045841, 0.970853, 0.036329, -0.052432, 0.236892, 0.730819, 1.160288, -0.266313, 0.736312
0.025697, 0.975584, 0.230056, 0.046469, 0.970899, 0.039033, -0.052432, 0.236892, 0.730819, 1.160288, -0.266313, 0.736312
0.062565, 0.974730, 0.220656, 0.047619, 0.970652, 0.041758, -0.029238, 0.236892, 0.730819, 1.160288, -0.266313, 0.736312
0.077214, 0.995483, 0.236770, 0.048679, 0.970662, 0.044261, -0.029238, 0.236892, 0.730819, 1.160288, -0.266313, 0.736312
0.068425, 1.003662, 0.272783, 0.049145, 0.970501, 0.047209, -0.029238, 0.236892, 0.730819, 1.160288, -0.266313, 0.736312
0.045718, 0.970823, 0.286456, 0.049128, 0.970175, 0.050212, -0.029238, 0.236892, 0.730819, 1.160288, -0.266313, 0.736312
0.057438, 0.937862, 0.278520, 0.049208, 0.969643, 0.053195, -0.029238, 0.236892, 0.730819, 1.160288, -0.266313, 0.736312
0.080754, 0.865470, 0.258988, 0.049412, 0.968689, 0.056078, -0.029238, 0.236892, 0.730819, 1.160288, -0.266313, 0.736312
0.088079, 0.817860, 0.322346, 0.049755, 0.967465, 0.059819, -0.029238, 0.236892, 0.730819, 1.160288, -0.266313, 0.736312
0.070256, 0.955442, 0.314289, 0.049886, 0.967687, 0.063618, -0.029238, 0.236892, 0.730819, 1.160288, -0.266313, 0.736312
0.065983, 1.062504, 0.249832, 0.050141, 0.968920, 0.066700, -0.029238, 0.236892, 0.730819, 1.160288, -0.266313, 0.736312
0.103461, 1.068730, 0.208082, 0.050863, 0.970031, 0.069363, -0.029238, 0.236892, 0.730819, 1.160288, -0.266313, 0.736312
0.106147, 0.917109, 0.172313, 0.051601, 0.969147, 0.071700, -0.029238, 0.236892, 0.730819, 1.160288, -0.266313, 0.736312
0.066838, 0.843496, 0.182201, 0.051971, 0.967614, 0.073933, -0.029238, 0.236892, 0.730819, 1.160288, -0.266313, 0.736312
0.012757, 0.828969, 0.156565, 0.051539, 0.966120, 0.076084, -0.029238, 0.236892, 0.730819, 1.160288, -0.266313, 0.736312
0.005066, 0.851676, 0.160715, 0.050920, 0.965025, 0.078465, -0.029238, 0.236892, 0.730819, 1.160288, -0.266313, 0.736312
0.033754, 0.865226, 0.163157, 0.050556, 0.964114, 0.080920, -0.029238, 0.236892, 0.730819, 1.160288, -0.266313, 0.736312
0.068425, 0.886224, 0.130684, 0.050703, 0.963421, 0.082841, -0.029238, 0.236892, 0.730819, 1.160288, -0.266313, 0.736312
0.022645, 0.955686, 0.093451, 0.050599, 0.963053, 0.084115, -0.029238, 0.236892, 0.730819, 1.160288, -0.266313, 0.736312
-0.002991, 0.960569, 0.006653, 0.050229, 0.962401, 0.084551, -0.029238, 0.236892, 0.730819, 1.160288, -0.266313, 0.736312
0.015565, 0.955686, 0.043277, 0.049885, 0.961427, 0.085373, -0.029238, 0.236892, 0.730819, 1.160288, -0.266313, 0.736312
0.051822, 0.956052, 0.103583, 0.049780, 0.960765, 0.087054, -0.029238, 0.236892, 0.730819, 1.160288, -0.266313, 0.736312
0.091864, 0.942990, 0.113715, 0.050201, 0.960287, 0.089161, -0.029238, 0.236892, 0.730819, 1.160288, -0.266313, 0.736312
0.105658, 0.966184, 0.111152, 0.050633, 0.959757, 0.091103, -0.029238, 0.236892, 0.730819, 1.160288, -0.266313, 0.736312
0.072941, 0.937862, 0.099799, 0.051552, 0.959623, 0.093165, -0.029238, 0.236892, 0.730819, 1.160288, -0.266313, 0.736312
0.064762, 0.927486, 0.116279, 0.052154, 0.958943, 0.095066, -0.029238, 0.236892, 0.730819, 1.160288, -0.266313, 0.736312
0.063664, 0.917475, 0.122871, 0.052639, 0.957862, 0.096719, -0.029238, 0.236892, 0.730819, 1.160288, -0.266313, 0.736312
0.107734, 0.950436, 0.129586, 0.053471, 0.957119, 0.098458, -0.029238, 0.236892, 0.730819, 1.160288, -0.266313, 0.736312
0.127510, 0.960813, 0.097479, 0.054384, 0.956688, 0.099845, -0.029238, 0.236892, 0.730819, 1.160288, -0.266313, 0.736312
0.082708, 0.981444, 0.077947, 0.055017, 0.957043, 0.101084, -0.029238, 0.236892, 0.730819, 1.160288, -0.266313, 0.736312
0.024965, 1.020631, 0.097357, 0.055223, 0.957977, 0.102534, -0.029238, 0.236892, 0.730819, 1.160288, -0.266313, 0.736312
0.066471, 1.012696, 0.098822, 0.055951, 0.958898, 0.104000, -0.029238, 0.236892, 0.730819, 1.160288, -0.266313, 0.736312
0.089178, 0.940060, 0.073186, 0.056969, 0.959049, 0.105150, -0.029238, 0.236892, 0.730819, 1.160288, -0.266313, 0.736312
0.107367, 0.908930, 0.062565, 0.058102, 0.958777, 0.106116, -0.029238, 0.236892, 0.730819, 1.160288, -0.266313, 0.736312
0.116401, 0.961545, 0.123237, 0.059178, 0.958744, 0.107590, -0.029238, 0.236892, 0.730819, 1.160288, -0.266313, 0.736312
0.259843, 1.011353, 0.110664, 0.061618, 0.959167, 0.108931, -0.029238, 0.259843, 0.730819, 1.160288, -0.266313, 0.736312
0.101141, 0.912959, 0.049014, 0.062457, 0.958539, 0.109783, -0.029238, 0.259843, 0.730819, 1.160288, -0.266313, 0.736312
0.141305, 0.855704, -0.075993, 0.063794, 0.957357, 0.109189, -0.029238, 0.259843, 0.730819, 1.160288, -0.266313, 0.736312
0.144357, 0.823354, -0.100775, 0.065078, 0.955792, 0.108588, -0.029238, 0.259843, 0.730819, 1.160288, -0.266313, 0.736312
0.067082, 0.907343, -0.075627, 0.065448, 0.954857, 0.108221, -0.029238, 0.259843, 0.730819, 1.160288, -0.266313, 0.736312
0.019593, 0.940548, -0.008118, 0.065172, 0.954078, 0.108665, -0.029238, 0.259843, 0.730819, 1.160288, -0.266313, 0.736312
0.047671, 0.994262, 0.000305, 0.065316, 0.954000, 0.109299, -0.029238, 0.259843, 0.730819, 1.160288, -0.266313, 0.736312
0.044253, 1.055301, 0.004944, 0.065569, 0.954653, 0.110197, -0.029238, 0.259843, 0.730819, 1.160288, -0.266313, 0.736312
0.088567, 1.018922, -0.102728, 0.066350, 0.955110, 0.110051, -0.029238, 0.259843, 0.730819, 1.160288, -0.266313, 0.736312
0.167796, 0.896600, -0.217604, 0.067900, 0.954091, 0.108996, -0.029238, 0.259843, 0.730819, 1.160288, -0.266313, 0.736312
0.077825, 0.940426, -0.089300, 0.068482, 0.953311, 0.109233, -0.029238, 0.259843, 0.730819, 1.160288, -0.266313, 0.736312
0.042910, 0.865348, -0.149606, 0.068791, 0.952109, 0.109045, -0.029238, 0.259843, 0.730819, 1.160288, -0.266313, 0.736312
0.135812, 0.913447, -0.141305, 0.070076, 0.951762, 0.109053, -0.029238, 0.259843, 0.730819, 1.160288, -0.266313, 0.736312
0.079290, 0.984862, -0.030580, 0.070732, 0.952060, 0.110423, -0.029238, 0.259843, 0.730819, 1.160288, -0.266313, 0.736312
0.126656, 1.062626, -0.108222, 0.071734, 0.953286, 0.111237, -0.029238, 0.259843, 0.730819, 1.160288, -0.266313, 0.736312
0.110297, 0.968016, -0.198682, 0.072583, 0.953706, 0.111314, -0.029238, 0.259843, 0.730819, 1.160288, -0.266313, 0.736312
0.108466, 1.016114, -0.155588, 0.073541, 0.954707, 0.111824, -0.029238, 0.259843, 0.730819, 1.160288, -0.266313, 0.736312
0.080388, 1.036013, -0.124825, 0.073878, 0.956537, 0.112805, -0.029238, 0.259843, 0.730819, 1.160288, -0.266313, 0.736312
0.037539, 0.999512, -0.180614, 0.073382, 0.957562, 0.112843, -0.029238, 0.259843, 0.730819, 1.160288, -0.266313, 0.736312
0.035464, 1.046512, -0.188671, 0.072749, 0.958198, 0.113072, -0.029238, 0.259843, 0.730819, 1.160288, -0.266313, 0.736312
0.043887, 1.007569, -0.221144, 0.072318, 0.958602, 0.113524, -0.029238, 0.259843, 0.730819, 1.160288, -0.253006, 0.736312
0.038149, 0.958616, -0.217848, 0.072562, 0.958892, 0.113364, -0.029238, 0.259843, 0.730819, 1.160288, -0.253006, 0.736312
0.019838, 0.944455, -0.204419, 0.073032, 0.958579, 0.112356, -0.029238, 0.259843, 0.730819, 1.160288, -0.253006, 0.736312
0.048404, 0.918818, -0.194409, 0.073101, 0.956612, 0.112397, -0.029238, 0.259843, 0.730819, 1.160288, -0.253006, 0.736312
0.078801, 0.900140, -0.247391, 0.073389, 0.954173, 0.112453, -0.029238, 0.259843, 0.730819, 1.160288, -0.247391, 0.736312
0.084539, 0.979735, -0.268388, 0.073757, 0.953002, 0.112171, -0.029238, 0.259843, 0.730819, 1.160288, -0.268388, 0.736312
0.059879, 0.968748, -0.266801, 0.073809, 0.952905, 0.111611, -0.029238, 0.259843, 0.730819, 1.160288, -0.268388, 0.736312
0.042788, 0.959104, -0.259476, 0.073718, 0.952473, 0.110140, -0.029238, 0.259843, 0.730819, 1.160288, -0.268388, 0.736312
0.069890, 0.989745, -0.182934, 0.073540, 0.951976, 0.109671, -0.029238, 0.259843, 0.730819, 1.160288, -0.268388, 0.736312
0.068669, 0.986327, -0.189404, 0.074277, 0.951149, 0.109587, -0.029238, 0.259843, 0.730819, 1.160288, -0.268388, 0.736312
0.108588, 1.023317, -0.253617, 0.075599, 0.951584, 0.109086, -0.029238, 0.259843, 0.730819, 1.160288, -0.268388, 0.736312
0.143747, 1.009766, -0.251297, 0.077329, 0.952631, 0.108770, -0.002991, 0.259843, 0.730819, 1.160288, -0.268388, 0.736312
0.149362, 0.998779, -0.274980, 0.078594, 0.953066, 0.106938, -0.002991, 0.259843, 0.730819, 1.160288, -0.274980, 0.736312
0.090032, 0.948727, -0.313679, 0.079268, 0.952711, 0.104859, -0.002991, 0.259843, 0.730819, 1.160288, -0.313679, 0.736312
-0.003845, 0.926753, -0.367149, 0.078845, 0.952854, 0.101610, -0.003845, 0.259843, 0.730819, 1.160288, -0.367149, 0.736312
-0.042910, 0.930904, -0.388757, 0.077504, 0.953190, 0.097297, -0.042910, 0.259843, 0.730819, 1.160288, -0.388757, 0.736312
-0.017762, 0.932735, -0.350913, 0.076341, 0.954046, 0.092681, -0.042910, 0.259843, 0.730819, 1.160288, -0.388757, 0.736312
0.036318, 0.968870, -0.272539, 0.075879, 0.954453, 0.087060, -0.042910, 0.259843, 0.730819, 1.160288, -0.388757, 0.736312
0.007508, 0.944332, -0.283159, 0.075084, 0.954567, 0.081126, -0.042910, 0.259843, 0.730819, 1.160288, -0.388757, 0.736312
-0.017640, 0.931759, -0.277300, 0.074715, 0.953321, 0.073845, -0.042910, 0.259843, 0.730819, 1.160288, -0.388757, 0.736312
0.028993, 0.980468, -0.248123, 0.074066, 0.953896, 0.066068, -0.042910, 0.259843, 0.730819, 1.160288, -0.388757, 0.736312
0.064396, 1.024904, -0.191479, 0.072876, 0.956837, 0.057490, -0.042910, 0.259843, 0.786852, 1.160288, -0.388757, 0.736312
0.080510, 1.007325, -0.192211, 0.071343, 0.959042, 0.048387, -0.042910, 0.259843, 0.817372, 1.160288, -0.388757, 0.736312
0.089178, 0.963133, -0.202222, 0.069866, 0.960499, 0.039001, -0.042910, 0.259843, 0.817860, 1.160288, -0.388757, 0.733748
0.085271, 0.989257, -0.184765, 0.068910, 0.961704, 0.029816, -0.042910, 0.259843, 0.817860, 1.160288, -0.388757, 0.581762
0.091741, 1.007081, -0.198804, 0.069438, 0.960913, 0.022011, -0.042910, 0.259843, 0.817860, 1.160288, -0.388757, 0.483001
0.078679, 1.033449, -0.210523, 0.069965, 0.959645, 0.015075, -0.042910, 0.259843, 0.817860, 1.124397, -0.388757, 0.386315
0.087225, 1.027712, -0.204785, 0.070300, 0.958678, 0.009164, -0.042910, 0.259843, 0.817860, 1.082280, -0.388757, 0.381432
0.091375, 0.980223, -0.200757, 0.070162, 0.957657, 0.003342, -0.042910, 0.259843, 0.817860, 1.068730, -0.388757, 0.344564
0.079778, 0.925044, -0.215895, 0.069721, 0.956479, -0.002262, -0.042910, 0.259843, 0.817860, 1.068730, -0.388757, 0.322346
0.052677, 0.916133, -0.210889, 0.069131, 0.955443, -0.007148, -0.042910, 0.259843, 0.817860, 1.068730, -0.388757, 0.322346
0.047549, 0.958494, -0.224440, 0.068759, 0.955240, -0.012501, -0.042910, 0.259843, 0.817860, 1.068730, -0.388757, 0.322346
0.081609, 0.978758, -0.197461, 0.069058, 0.956040, -0.016782, -0.042910, 0.259843, 0.817860, 1.068730, -0.388757, 0.322346
0.108710, 0.988036, -0.165599, 0.069534, 0.957191, -0.020880, -0.042910, 0.259843, 0.817860, 1.068730, -0.388757, 0.322346
0.164500, 0.969236, -0.156443, 0.070591, 0.958175, -0.024790, -0.042910, 0.259843, 0.817860, 1.068730, -0.388757, 0.322346
0.133736, 0.959836, -0.132760, 0.071144, 0.959089, -0.027999, -0.042910, 0.259843, 0.817860, 1.068730, -0.388757, 0.322346
