You entered a buffer length of 100
0.046817, 0.950681, 0.175731, 0.000468, 0.009507, 0.001757, 0.000000, 0.046817, 0.000000, 0.950681, 0.000000, 0.175731
0.047671, 0.949704, 0.172679, 0.000945, 0.019004, 0.003484, 0.000000, 0.047671, 0.000000, 0.950681, 0.000000, 0.175731
0.043277, 0.946896, 0.174999, 0.001378, 0.028473, 0.005234, 0.000000, 0.047671, 0.000000, 0.950681, 0.000000, 0.175731
0.046817, 0.945553, 0.173534, 0.001846, 0.037928, 0.006969, 0.000000, 0.047671, 0.000000, 0.950681, 0.000000, 0.175731
0.046817, 0.949948, 0.176952, 0.002314, 0.047428, 0.008739, 0.000000, 0.047671, 0.000000, 0.950681, 0.000000, 0.176952
0.046695, 0.947262, 0.178172, 0.002781, 0.056900, 0.010521, 0.000000, 0.047671, 0.000000, 0.950681, 0.000000, 0.178172
0.047061, 0.948117, 0.174999, 0.003252, 0.066382, 0.012271, 0.000000, 0.047671, 0.000000, 0.950681, 0.000000, 0.178172
0.049625, 0.948117, 0.176830, 0.003748, 0.075863, 0.014039, 0.000000, 0.049625, 0.000000, 0.950681, 0.000000, 0.178172
0.047793, 0.950681, 0.177074, 0.004226, 0.085370, 0.015810, 0.000000, 0.049625, 0.000000, 0.950681, 0.000000, 0.178172
0.047916, 0.952390, 0.175975, 0.004705, 0.094893, 0.017569, 0.000000, 0.049625, 0.000000, 0.952390, 0.000000, 0.178172
0.049014, 0.953488, 0.176952, 0.005195, 0.104428, 0.019339, 0.000000, 0.049625, 0.000000, 0.953488, 0.000000, 0.178172
0.048282, 0.950314, 0.174632, 0.005678, 0.113932, 0.021085, 0.000000, 0.049625, 0.000000, 0.953488, 0.000000, 0.178172
0.046817, 0.949704, 0.173778, 0.006146, 0.123429, 0.022823, 0.000000, 0.049625, 0.000000, 0.953488, 0.000000, 0.178172
0.046573, 0.949338, 0.177074, 0.006612, 0.132922, 0.024594, 0.000000, 0.049625, 0.000000, 0.953488, 0.000000, 0.178172
0.048282, 0.951535, 0.172679, 0.007095, 0.142437, 0.026321, 0.000000, 0.049625, 0.000000, 0.953488, 0.000000, 0.178172
0.048770, 0.949338, 0.175975, 0.007582, 0.151931, 0.028080, 0.000000, 0.049625, 0.000000, 0.953488, 0.000000, 0.178172
0.049625, 0.950436, 0.175365, 0.008079, 0.161435, 0.029834, 0.000000, 0.049625, 0.000000, 0.953488, 0.000000, 0.178172
0.048038, 0.949216, 0.175243, 0.008559, 0.170927, 0.031586, 0.000000, 0.049625, 0.000000, 0.953488, 0.000000, 0.178172
0.046451, 0.950070, 0.175609, 0.009023, 0.180428, 0.033343, 0.000000, 0.049625, 0.000000, 0.953488, 0.000000, 0.178172
0.049869, 0.945920, 0.173656, 0.009522, 0.189887, 0.035079, 0.000000, 0.049869, 0.000000, 0.953488, 0.000000, 0.178172
0.051090, 0.944577, 0.173534, 0.010033, 0.199333, 0.036814, 0.000000, 0.051090, 0.000000, 0.953488, 0.000000, 0.178172
0.047427, 0.947629, 0.177928, 0.010507, 0.208809, 0.038594, 0.000000, 0.051090, 0.000000, 0.953488, 0.000000, 0.178172
0.045230, 0.950681, 0.172801, 0.010960, 0.218316, 0.040322, 0.000000, 0.051090, 0.000000, 0.953488, 0.000000, 0.178172
0.045962, 0.947507, 0.177318, 0.011419, 0.227791, 0.042095, 0.000000, 0.051090, 0.000000, 0.953488, 0.000000, 0.178172
0.049502, 0.950681, 0.176463, 0.011914, 0.237298, 0.043860, 0.000000, 0.051090, 0.000000, 0.953488, 0.000000, 0.178172
0.044375, 0.949582, 0.176952, 0.012358, 0.246794, 0.045629, 0.000000, 0.051090, 0.000000, 0.953488, 0.000000, 0.178172
0.046695, 0.949704, 0.172679, 0.012825, 0.256291, 0.047356, 0.000000, 0.051090, 0.000000, 0.953488, 0.000000, 0.178172
0.044009, 0.952023, 0.176585, 0.013265, 0.265811, 0.049122, 0.000000, 0.051090, 0.000000, 0.953488, 0.000000, 0.178172
0.048282, 0.946774, 0.174388, 0.013748, 0.275279, 0.050866, 0.000000, 0.051090, 0.000000, 0.953488, 0.000000, 0.178172
0.046817, 0.954709, 0.175487, 0.014216, 0.284826, 0.052620, 0.000000, 0.051090, 0.000000, 0.954709, 0.000000, 0.178172
0.045108, 0.950925, 0.180614, 0.014667, 0.294335, 0.054427, 0.000000, 0.051090, 0.000000, 0.954709, 0.000000, 0.180614
0.047671, 0.945553, 0.176585, 0.015144, 0.303791, 0.056192, 0.000000, 0.051090, 0.000000, 0.954709, 0.000000, 0.180614
0.047183, 0.953244, 0.173534, 0.015616, 0.313323, 0.057928, 0.000000, 0.051090, 0.000000, 0.954709, 0.000000, 0.180614
0.046206, 0.950681, 0.175731, 0.016078, 0.322830, 0.059685, 0.000000, 0.051090, 0.000000, 0.954709, 0.000000, 0.180614
0.047671, 0.950559, 0.176219, 0.016554, 0.332335, 0.061447, 0.000000, 0.051090, 0.000000, 0.954709, 0.000000, 0.180614
0.048770, 0.947384, 0.175487, 0.017042, 0.341809, 0.063202, 0.000000, 0.051090, 0.000000, 0.954709, 0.000000, 0.180614
0.047916, 0.949948, 0.174876, 0.017521, 0.351309, 0.064951, 0.000000, 0.051090, 0.000000, 0.954709, 0.000000, 0.180614
0.044253, 0.948361, 0.172557, 0.017964, 0.360792, 0.066676, 0.000000, 0.051090, 0.000000, 0.954709, 0.000000, 0.180614
0.046573, 0.945309, 0.177318, 0.018429, 0.370245, 0.068450, 0.000000, 0.051090, 0.000000, 0.954709, 0.000000, 0.180614
0.047671, 0.948483, 0.174144, 0.018906, 0.379730, 0.070191, 0.000000, 0.051090, 0.000000, 0.954709, 0.000000, 0.180614
0.047061, 0.946774, 0.176219, 0.019377, 0.389198, 0.071953, 0.000000, 0.051090, 0.000000, 0.954709, 0.000000, 0.180614
0.047671, 0.948972, 0.178172, 0.019854, 0.398688, 0.073735, 0.000000, 0.051090, 0.000000, 0.954709, 0.000000, 0.180614
0.048526, 0.949460, 0.176585, 0.020339, 0.408182, 0.075501, 0.000000, 0.051090, 0.000000, 0.954709, 0.000000, 0.180614
0.049869, 0.952390, 0.175243, 0.020837, 0.417706, 0.077253, 0.000000, 0.051090, 0.000000, 0.954709, 0.000000, 0.180614
0.048160, 0.949338, 0.176219, 0.021319, 0.427200, 0.079015, 0.000000, 0.051090, 0.000000, 0.954709, 0.000000, 0.180614
0.046573, 0.949460, 0.176585, 0.021785, 0.436694, 0.080781, 0.000000, 0.051090, 0.000000, 0.954709, 0.000000, 0.180614
0.048404, 0.950681, 0.175243, 0.022269, 0.446201, 0.082534, 0.000000, 0.051090, 0.000000, 0.954709, 0.000000, 0.180614
0.047549, 0.948117, 0.177440, 0.022744, 0.455682, 0.084308, 0.000000, 0.051090, 0.000000, 0.954709, 0.000000, 0.180614
0.045474, 0.946530, 0.175609, 0.023199, 0.465147, 0.086064, 0.000000, 0.051090, 0.000000, 0.954709, 0.000000, 0.180614
0.047183, 0.947018, 0.178417, 0.023671, 0.474618, 0.087848, 0.000000, 0.051090, 0.000000, 0.954709, 0.000000, 0.180614
0.046939, 0.950803, 0.175731, 0.024140, 0.484126, 0.089606, 0.000000, 0.051090, 0.000000, 0.954709, 0.000000, 0.180614
0.048892, 0.949338, 0.177318, 0.024629, 0.493619, 0.091379, 0.000000, 0.051090, 0.000000, 0.954709, 0.000000, 0.180614
0.046817, 0.950681, 0.174876, 0.025097, 0.503126, 0.093128, 0.000000, 0.051090, 0.000000, 0.954709, 0.000000, 0.180614
0.048526, 0.948849, 0.177440, 0.025583, 0.512614, 0.094902, 0.000000, 0.051090, 0.000000, 0.954709, 0.000000, 0.180614
0.046206, 0.949582, 0.178295, 0.026045, 0.522110, 0.096685, 0.000000, 0.051090, 0.000000, 0.954709, 0.000000, 0.180614
0.044742, 0.951657, 0.172435, 0.026492, 0.531627, 0.098409, 0.000000, 0.051090, 0.000000, 0.954709, 0.000000, 0.180614
0.047061, 0.951901, 0.177074, 0.026963, 0.541146, 0.100180, 0.000000, 0.051090, 0.000000, 0.954709, 0.000000, 0.180614
0.046084, 0.950070, 0.172557, 0.027424, 0.550646, 0.101906, 0.000000, 0.051090, 0.000000, 0.954709, 0.000000, 0.180614
0.043399, 0.951413, 0.176708, 0.027858, 0.560161, 0.103673, 0.000000, 0.051090, 0.000000, 0.954709, 0.000000, 0.180614
0.045230, 0.951169, 0.174388, 0.028310, 0.569672, 0.105417, 0.000000, 0.051090, 0.000000, 0.954709, 0.000000, 0.180614
0.049380, 0.946286, 0.175487, 0.028804, 0.579135, 0.107171, 0.000000, 0.051090, 0.000000, 0.954709, 0.000000, 0.180614
0.045962, 0.949948, 0.176830, 0.029263, 0.588635, 0.108940, 0.000000, 0.051090, 0.000000, 0.954709, 0.000000, 0.180614
0.048892, 0.948361, 0.174266, 0.029752, 0.598118, 0.110682, 0.000000, 0.051090, 0.000000, 0.954709, 0.000000, 0.180614
0.047305, 0.946530, 0.174876, 0.030225, 0.607584, 0.112431, 0.000000, 0.051090, 0.000000, 0.954709, 0.000000, 0.180614
0.050479, 0.947507, 0.174388, 0.030730, 0.617059, 0.114175, 0.000000, 0.051090, 0.000000, 0.954709, 0.000000, 0.180614
0.046939, 0.946774, 0.175243, 0.031199, 0.626526, 0.115928, 0.000000, 0.051090, 0.000000, 0.954709, 0.000000, 0.180614
0.048404, 0.952634, 0.176708, 0.031683, 0.636053, 0.117695, 0.000000, 0.051090, 0.000000, 0.954709, 0.000000, 0.180614
0.046695, 0.948972, 0.174388, 0.032150, 0.645542, 0.119438, 0.000000, 0.051090, 0.000000, 0.954709, 0.000000, 0.180614
0.047549, 0.951901, 0.175243, 0.032626, 0.655061, 0.121191, 0.000000, 0.051090, 0.000000, 0.954709, 0.000000, 0.180614
0.042666, 0.953122, 0.178417, 0.033053, 0.664593, 0.122975, 0.000000, 0.051090, 0.000000, 0.954709, 0.000000, 0.180614
0.048892, 0.953122, 0.176830, 0.033541, 0.674124, 0.124743, 0.000000, 0.051090, 0.000000, 0.954709, 0.000000, 0.180614
0.045596, 0.945797, 0.176097, 0.033997, 0.683582, 0.126504, 0.000000, 0.051090, 0.000000, 0.954709, 0.000000, 0.180614
0.045840, 0.948483, 0.176341, 0.034456, 0.693067, 0.128268, 0.000000, 0.051090, 0.000000, 0.954709, 0.000000, 0.180614
0.047549, 0.948483, 0.177928, 0.034931, 0.702551, 0.130047, 0.000000, 0.051090, 0.000000, 0.954709, 0.000000, 0.180614
0.046451, 0.947262, 0.174999, 0.035396, 0.712024, 0.131797, 0.000000, 0.051090, 0.000000, 0.954709, 0.000000, 0.180614
0.047793, 0.951413, 0.174266, 0.035874, 0.721538, 0.133540, 0.000000, 0.051090, 0.000000, 0.954709, 0.000000, 0.180614
0.048038, 0.945675, 0.174388, 0.036354, 0.730995, 0.135284, 0.000000, 0.051090, 0.000000, 0.954709, 0.000000, 0.180614
0.046451, 0.949460, 0.176830, 0.036819, 0.740490, 0.137052, 0.000000, 0.051090, 0.000000, 0.954709, 0.000000, 0.180614
0.050235, 0.950803, 0.173289, 0.037321, 0.749998, 0.138785, 0.000000, 0.051090, 0.000000, 0.954709, 0.000000, 0.180614
0.049502, 0.952023, 0.173411, 0.037816, 0.759518, 0.140519, 0.000000, 0.051090, 0.000000, 0.954709, 0.000000, 0.180614
0.048526, 0.952878, 0.177928, 0.038301, 0.769047, 0.142298, 0.000000, 0.051090, 0.000000, 0.954709, 0.000000, 0.180614
0.044742, 0.950803, 0.176463, 0.038749, 0.778555, 0.144063, 0.000000, 0.051090, 0.000000, 0.954709, 0.000000, 0.180614
0.045474, 0.947751, 0.176830, 0.039203, 0.788032, 0.145831, 0.000000, 0.051090, 0.000000, 0.954709, 0.000000, 0.180614
0.045962, 0.946774, 0.177806, 0.039663, 0.797500, 0.147609, 0.000000, 0.051090, 0.000000, 0.954709, 0.000000, 0.180614
0.046817, 0.948972, 0.175365, 0.040131, 0.806990, 0.149363, 0.000000, 0.051090, 0.000000, 0.954709, 0.000000, 0.180614
0.046573, 0.951291, 0.174632, 0.040597, 0.816503, 0.151109, 0.000000, 0.051090, 0.000000, 0.954709, 0.000000, 0.180614
0.049747, 0.943600, 0.177684, 0.041094, 0.825938, 0.152886, 0.000000, 0.051090, 0.000000, 0.954709, 0.000000, 0.180614
0.046329, 0.945797, 0.177196, 0.041558, 0.835396, 0.154658, 0.000000, 0.051090, 0.000000, 0.954709, 0.000000, 0.180614
0.051456, 0.953122, 0.172435, 0.042072, 0.844928, 0.156382, 0.000000, 0.051456, 0.000000, 0.954709, 0.000000, 0.180614
0.050357, 0.952145, 0.175731, 0.042576, 0.854449, 0.158140, 0.000000, 0.051456, 0.000000, 0.954709, 0.000000, 0.180614
0.049991, 0.951779, 0.174510, 0.043076, 0.863967, 0.159885, 0.000000, 0.051456, 0.000000, 0.954709, 0.000000, 0.180614
0.046573, 0.948849, 0.175487, 0.043542, 0.873455, 0.161640, 0.000000, 0.051456, 0.000000, 0.954709, 0.000000, 0.180614
0.047061, 0.952512, 0.176219, 0.044012, 0.882981, 0.163402, 0.000000, 0.051456, 0.000000, 0.954709, 0.000000, 0.180614
0.047305, 0.949582, 0.178050, 0.044485, 0.892476, 0.165182, 0.000000, 0.051456, 0.000000, 0.954709, 0.000000, 0.180614
0.046817, 0.947140, 0.176463, 0.044953, 0.901948, 0.166947, 0.000000, 0.051456, 0.000000, 0.954709, 0.000000, 0.180614
0.047671, 0.948117, 0.174510, 0.045430, 0.911429, 0.168692, 0.000000, 0.051456, 0.000000, 0.954709, 0.000000, 0.180614
0.047183, 0.947873, 0.177806, 0.045902, 0.920908, 0.170470, 0.000000, 0.051456, 0.000000, 0.954709, 0.000000, 0.180614
0.045596, 0.948117, 0.171947, 0.046358, 0.930389, 0.172189, 0.000000, 0.051456, 0.000000, 0.954709, 0.000000, 0.180614
0.045718, 0.948849, 0.176708, 0.046815, 0.939877, 0.173957, 0.000000, 0.051456, 0.000000, 0.954709, 0.000000, 0.180614
0.046329, 0.953366, 0.176585, 0.047278, 0.949411, 0.175722, 0.042666, 0.051456, 0.943600, 0.954709, 0.171947, 0.180614
0.047549, 0.948727, 0.174754, 0.047286, 0.949391, 0.175713, 0.042666, 0.051456, 0.943600, 0.954709, 0.171947, 0.180614
0.043521, 0.949460, 0.176341, 0.047244, 0.949389, 0.175749, 0.042666, 0.051456, 0.943600, 0.954709, 0.171947, 0.180614
0.047305, 0.948972, 0.177806, 0.047284, 0.949410, 0.175777, 0.042666, 0.051456, 0.943600, 0.954709, 0.171947, 0.180614
0.048648, 0.947995, 0.174022, 0.047303, 0.949434, 0.175782, 0.042666, 0.051456, 0.943600, 0.954709, 0.171947, 0.180614
0.049502, 0.949948, 0.177074, 0.047330, 0.949434, 0.175783, 0.042666, 0.051456, 0.943600, 0.954709, 0.171947, 0.180614
0.048038, 0.951413, 0.173289, 0.047343, 0.949476, 0.175735, 0.042666, 0.051456, 0.943600, 0.954709, 0.171947, 0.180614
0.043032, 0.947507, 0.179149, 0.047303, 0.949470, 0.175776, 0.042666, 0.051456, 0.943600, 0.954709, 0.171947, 0.180614
0.048892, 0.949704, 0.174632, 0.047295, 0.949485, 0.175754, 0.042666, 0.051456, 0.943600, 0.954709, 0.171947, 0.180614
0.046451, 0.947262, 0.177684, 0.047282, 0.949451, 0.175760, 0.042666, 0.051456, 0.943600, 0.954709, 0.171947, 0.180614
0.046329, 0.947629, 0.174144, 0.047266, 0.949404, 0.175742, 0.042666, 0.051456, 0.943600, 0.954709, 0.171947, 0.180614
0.048770, 0.947507, 0.174266, 0.047264, 0.949344, 0.175715, 0.042666, 0.051456, 0.943600, 0.954709, 0.171947, 0.180614
0.047793, 0.949216, 0.177440, 0.047259, 0.949333, 0.175743, 0.042666, 0.051456, 0.943600, 0.954709, 0.171947, 0.180614
0.047549, 0.953977, 0.177806, 0.047266, 0.949376, 0.175783, 0.042666, 0.051456, 0.943600, 0.954709, 0.171947, 0.180614
0.049136, 0.953610, 0.174999, 0.047292, 0.949418, 0.175763, 0.042666, 0.051456, 0.943600, 0.954709, 0.171947, 0.180614
0.046451, 0.950070, 0.174876, 0.047273, 0.949404, 0.175785, 0.042666, 0.051456, 0.943600, 0.954709, 0.171947, 0.180614
0.050235, 0.948727, 0.176219, 0.047288, 0.949398, 0.175787, 0.042666, 0.051456, 0.943600, 0.954709, 0.171947, 0.180614
0.049502, 0.945431, 0.177074, 0.047287, 0.949348, 0.175804, 0.042666, 0.051456, 0.943600, 0.954709, 0.171947, 0.180614
0.047916, 0.949216, 0.174632, 0.047286, 0.949348, 0.175798, 0.042666, 0.051456, 0.943600, 0.954709, 0.171947, 0.180614
0.047183, 0.950192, 0.178539, 0.047293, 0.949349, 0.175827, 0.042666, 0.051456, 0.943600, 0.954709, 0.171947, 0.180614
0.047061, 0.946042, 0.176341, 0.047265, 0.949350, 0.175854, 0.042666, 0.051456, 0.943600, 0.954709, 0.171947, 0.180614
0.046695, 0.949216, 0.176097, 0.047221, 0.949396, 0.175880, 0.042666, 0.051456, 0.943600, 0.954709, 0.171947, 0.180614
0.046939, 0.950925, 0.177318, 0.047216, 0.949429, 0.175874, 0.042666, 0.051456, 0.943600, 0.954709, 0.171947, 0.180614
0.047061, 0.950436, 0.173045, 0.047234, 0.949427, 0.175876, 0.042666, 0.051456, 0.943600, 0.954709, 0.171947, 0.180614
0.050601, 0.949216, 0.172801, 0.047281, 0.949444, 0.175831, 0.042666, 0.051456, 0.943600, 0.954709, 0.171947, 0.180614
0.049502, 0.949826, 0.177806, 0.047281, 0.949435, 0.175844, 0.042666, 0.051456, 0.943600, 0.954709, 0.171947, 0.180614
0.049014, 0.948483, 0.173411, 0.047327, 0.949424, 0.175809, 0.042666, 0.051456, 0.943600, 0.954709, 0.171947, 0.180614
0.046939, 0.950436, 0.177806, 0.047330, 0.949432, 0.175860, 0.042666, 0.051456, 0.943600, 0.954709, 0.171947, 0.180614
0.047427, 0.947629, 0.174754, 0.047364, 0.949388, 0.175842, 0.042666, 0.051456, 0.943600, 0.954709, 0.171947, 0.180614
0.047427, 0.949460, 0.178783, 0.047355, 0.949415, 0.175886, 0.042666, 0.051456, 0.943600, 0.954709, 0.171947, 0.180614
0.048892, 0.948117, 0.174388, 0.047376, 0.949349, 0.175875, 0.042666, 0.051456, 0.943600, 0.953977, 0.171947, 0.180614
0.046329, 0.944332, 0.174999, 0.047388, 0.949283, 0.175819, 0.042666, 0.051456, 0.943600, 0.953977, 0.171947, 0.179149
0.046817, 0.952878, 0.175365, 0.047380, 0.949356, 0.175807, 0.042666, 0.051456, 0.943600, 0.953977, 0.171947, 0.179149
0.045962, 0.950070, 0.174388, 0.047367, 0.949324, 0.175815, 0.042666, 0.051456, 0.943600, 0.953977, 0.171947, 0.179149
0.046695, 0.949826, 0.177684, 0.047372, 0.949316, 0.175835, 0.042666, 0.051456, 0.943600, 0.953977, 0.171947, 0.179149
0.047061, 0.951169, 0.177806, 0.047366, 0.949322, 0.175851, 0.042666, 0.051456, 0.943600, 0.953977, 0.171947, 0.179149
0.048160, 0.949338, 0.175609, 0.047360, 0.949341, 0.175852, 0.042666, 0.051456, 0.943600, 0.953977, 0.171947, 0.179149
0.044864, 0.949582, 0.173534, 0.047330, 0.949338, 0.175838, 0.042666, 0.051456, 0.943600, 0.953977, 0.171947, 0.179149
0.047549, 0.944821, 0.177562, 0.047363, 0.949302, 0.175888, 0.042666, 0.051456, 0.943600, 0.953977, 0.171947, 0.179149
0.048160, 0.946774, 0.174999, 0.047378, 0.949317, 0.175865, 0.042666, 0.051456, 0.943600, 0.953977, 0.171947, 0.179149
0.048892, 0.948727, 0.175121, 0.047391, 0.949319, 0.175875, 0.042666, 0.051456, 0.943600, 0.953977, 0.171947, 0.179149
0.048404, 0.949704, 0.173167, 0.047404, 0.949349, 0.175844, 0.042666, 0.051456, 0.943600, 0.953977, 0.171947, 0.179149
0.048038, 0.949338, 0.173289, 0.047408, 0.949352, 0.175796, 0.042666, 0.051456, 0.943600, 0.953977, 0.171947, 0.179149
0.046084, 0.948972, 0.174999, 0.047383, 0.949347, 0.175780, 0.042666, 0.051456, 0.943600, 0.953977, 0.171947, 0.179149
0.047671, 0.951413, 0.176830, 0.047361, 0.949338, 0.175796, 0.042666, 0.051456, 0.943600, 0.953977, 0.171947, 0.179149
0.046817, 0.947629, 0.180004, 0.047348, 0.949321, 0.175833, 0.042666, 0.051456, 0.943600, 0.953977, 0.171947, 0.180004
0.045108, 0.950192, 0.173656, 0.047333, 0.949328, 0.175804, 0.042666, 0.051456, 0.943600, 0.953977, 0.171947, 0.180004
0.046573, 0.950436, 0.175365, 0.047315, 0.949326, 0.175805, 0.042666, 0.051456, 0.943600, 0.953977, 0.171947, 0.180004
0.048038, 0.948849, 0.177196, 0.047320, 0.949333, 0.175803, 0.042666, 0.051456, 0.943600, 0.953977, 0.171947, 0.180004
0.046939, 0.949948, 0.177318, 0.047334, 0.949367, 0.175820, 0.042666, 0.051456, 0.943600, 0.953977, 0.171947, 0.180004
0.048526, 0.949704, 0.177440, 0.047348, 0.949394, 0.175810, 0.042666, 0.051456, 0.943600, 0.953977, 0.171947, 0.180004
0.048282, 0.952512, 0.176830, 0.047361, 0.949411, 0.175821, 0.042666, 0.051456, 0.943600, 0.953977, 0.171947, 0.180004
0.047061, 0.949582, 0.174388, 0.047343, 0.949413, 0.175792, 0.042666, 0.051456, 0.943600, 0.953977, 0.171947, 0.180004
0.050967, 0.946042, 0.175487, 0.047384, 0.949367, 0.175798, 0.042666, 0.051456, 0.943600, 0.953977, 0.171947, 0.180004
0.047671, 0.946042, 0.174754, 0.047376, 0.949339, 0.175771, 0.042666, 0.051456, 0.943600, 0.953977, 0.171947, 0.180004
0.047061, 0.952268, 0.176830, 0.047384, 0.949366, 0.175757, 0.042666, 0.051456, 0.943600, 0.953977, 0.171947, 0.180004
0.046695, 0.951047, 0.174754, 0.047404, 0.949360, 0.175780, 0.042666, 0.051456, 0.943600, 0.953977, 0.171947, 0.180004
0.047671, 0.950314, 0.177318, 0.047410, 0.949344, 0.175782, 0.042666, 0.051456, 0.943600, 0.953977, 0.171947, 0.180004
0.046817, 0.949338, 0.174266, 0.047417, 0.949337, 0.175799, 0.042666, 0.051456, 0.943600, 0.953977, 0.171947, 0.180004
0.050113, 0.950436, 0.177196, 0.047485, 0.949327, 0.175804, 0.042666, 0.051456, 0.943600, 0.953977, 0.171947, 0.180004
0.045718, 0.951779, 0.173534, 0.047489, 0.949333, 0.175796, 0.042666, 0.051456, 0.943600, 0.953977, 0.171947, 0.180004
0.047305, 0.947140, 0.174266, 0.047469, 0.949341, 0.175783, 0.042666, 0.051456, 0.943600, 0.953977, 0.171947, 0.180004
0.048526, 0.947751, 0.172069, 0.047494, 0.949319, 0.175736, 0.042666, 0.051456, 0.943600, 0.953977, 0.171947, 0.180004
0.045596, 0.949582, 0.174510, 0.047461, 0.949332, 0.175738, 0.042666, 0.051456, 0.943600, 0.953977, 0.171947, 0.180004
0.046695, 0.945920, 0.177074, 0.047455, 0.949326, 0.175760, 0.042666, 0.051456, 0.943600, 0.953977, 0.171947, 0.180004
0.047793, 0.948239, 0.178417, 0.047428, 0.949333, 0.175801, 0.042666, 0.051456, 0.943600, 0.953977, 0.171947, 0.180004
0.048160, 0.951047, 0.177562, 0.047441, 0.949376, 0.175824, 0.042666, 0.051456, 0.943600, 0.953977, 0.171947, 0.180004
0.048038, 0.951779, 0.177806, 0.047437, 0.949367, 0.175835, 0.042666, 0.051456, 0.943600, 0.953977, 0.171947, 0.180004
0.045596, 0.948727, 0.172069, 0.047426, 0.949365, 0.175812, 0.042666, 0.051456, 0.943600, 0.953977, 0.171947, 0.180004
0.045474, 0.954343, 0.178905, 0.047405, 0.949389, 0.175848, 0.042666, 0.051456, 0.943600, 0.954343, 0.171947, 0.180004
0.045108, 0.947873, 0.175853, 0.047430, 0.949336, 0.175822, 0.043032, 0.051456, 0.943600, 0.954343, 0.171947, 0.180004
0.048770, 0.948727, 0.178050, 0.047428, 0.949293, 0.175835, 0.043032, 0.051456, 0.943600, 0.954343, 0.171947, 0.180004
0.048648, 0.948972, 0.179882, 0.047459, 0.949324, 0.175873, 0.043032, 0.051456, 0.943600, 0.954343, 0.171947, 0.180004
0.048160, 0.948972, 0.176463, 0.047482, 0.949329, 0.175874, 0.043032, 0.051456, 0.943600, 0.954343, 0.171947, 0.180004
0.044742, 0.951047, 0.178783, 0.047454, 0.949355, 0.175882, 0.043032, 0.051456, 0.943600, 0.954343, 0.171947, 0.180004
0.047427, 0.951169, 0.173534, 0.047464, 0.949394, 0.175868, 0.043032, 0.051456, 0.943600, 0.954343, 0.171947, 0.180004
0.046084, 0.948849, 0.174266, 0.047447, 0.949368, 0.175868, 0.043032, 0.051456, 0.943600, 0.954343, 0.171947, 0.180004
0.049869, 0.947751, 0.174144, 0.047465, 0.949389, 0.175865, 0.043032, 0.051456, 0.943600, 0.954343, 0.171947, 0.180004
0.047061, 0.949826, 0.174022, 0.047471, 0.949393, 0.175837, 0.043032, 0.051456, 0.943600, 0.954343, 0.171947, 0.180004
0.047916, 0.950192, 0.174510, 0.047448, 0.949387, 0.175849, 0.043032, 0.051456, 0.943600, 0.954343, 0.171947, 0.180004
0.047427, 0.948239, 0.174632, 0.047427, 0.949349, 0.175862, 0.043032, 0.051456, 0.943600, 0.954343, 0.171947, 0.180004
0.046695, 0.951657, 0.177806, 0.047409, 0.949337, 0.175860, 0.043032, 0.051456, 0.943600, 0.954343, 0.171947, 0.180004
0.048648, 0.948727, 0.177074, 0.047448, 0.949316, 0.175866, 0.043032, 0.051456, 0.943600, 0.954343, 0.171947, 0.180004
0.045230, 0.949216, 0.176585, 0.047446, 0.949330, 0.175864, 0.043032, 0.051456, 0.943600, 0.954343, 0.171947, 0.180004
0.045474, 0.949704, 0.175731, 0.047441, 0.949360, 0.175843, 0.043032, 0.051456, 0.943600, 0.954343, 0.171947, 0.180004
0.047671, 0.946530, 0.174266, 0.047449, 0.949335, 0.175832, 0.043032, 0.051456, 0.943600, 0.954343, 0.171947, 0.180004
0.047427, 0.952390, 0.177196, 0.047458, 0.949346, 0.175858, 0.043032, 0.051456, 0.943600, 0.954343, 0.171947, 0.180004
0.047549, 0.950436, 0.175975, 0.047436, 0.949415, 0.175841, 0.043032, 0.051456, 0.944332, 0.954343, 0.171947, 0.180004
0.048160, 0.951047, 0.176097, 0.047454, 0.949467, 0.175830, 0.043032, 0.051456, 0.944332, 0.954343, 0.171947, 0.180004
0.048282, 0.945920, 0.174144, 0.047422, 0.949395, 0.175847, 0.043032, 0.050967, 0.944332, 0.954343, 0.171947, 0.180004
0.047793, 0.950681, 0.175487, 0.047397, 0.949380, 0.175844, 0.043032, 0.050967, 0.944332, 0.954343, 0.171947, 0.180004
0.046695, 0.950803, 0.177318, 0.047364, 0.949371, 0.175873, 0.043032, 0.050967, 0.944332, 0.954343, 0.171947, 0.180004
0.046206, 0.949826, 0.175243, 0.047360, 0.949380, 0.175870, 0.043032, 0.050967, 0.944332, 0.954343, 0.171947, 0.180004
0.050113, 0.946896, 0.178539, 0.047391, 0.949324, 0.175893, 0.043032, 0.050967, 0.944332, 0.954343, 0.171947, 0.180004
0.047793, 0.950192, 0.173900, 0.047395, 0.949330, 0.175852, 0.043032, 0.050967, 0.944332, 0.954343, 0.171947, 0.180004
0.046695, 0.949460, 0.177562, 0.047394, 0.949354, 0.175863, 0.043032, 0.050967, 0.944332, 0.954343, 0.171947, 0.180004
0.046939, 0.948605, 0.179149, 0.047387, 0.949359, 0.175909, 0.043032, 0.050967, 0.944332, 0.954343, 0.171947, 0.180004
0.048160, 0.946042, 0.176585, 0.047397, 0.949340, 0.175897, 0.043032, 0.050967, 0.944332, 0.954343, 0.171947, 0.180004
0.048038, 0.946774, 0.178050, 0.047421, 0.949327, 0.175958, 0.043032, 0.050967, 0.944332, 0.954343, 0.172069, 0.180004
0.046817, 0.949948, 0.178539, 0.047432, 0.949338, 0.175976, 0.043032, 0.050967, 0.944332, 0.954343, 0.172069, 0.180004
0.047305, 0.946408, 0.173656, 0.047442, 0.949268, 0.175947, 0.043032, 0.050967, 0.944332, 0.954343, 0.172069, 0.180004
0.046817, 0.947507, 0.175975, 0.047435, 0.949256, 0.175959, 0.043032, 0.050967, 0.944332, 0.954343, 0.172069, 0.180004
0.048404, 0.949582, 0.175365, 0.047483, 0.949257, 0.175949, 0.043032, 0.050967, 0.944332, 0.954343, 0.172069, 0.180004
0.047305, 0.950803, 0.172069, 0.047483, 0.949276, 0.175892, 0.043032, 0.050967, 0.944332, 0.954343, 0.172069, 0.180004
0.047671, 0.950925, 0.175731, 0.047474, 0.949305, 0.175909, 0.043032, 0.050967, 0.944332, 0.954343, 0.172069, 0.180004
0.045352, 0.948483, 0.173656, 0.047432, 0.949290, 0.175875, 0.043032, 0.050967, 0.944332, 0.954343, 0.172069, 0.180004
0.052432, 0.947751, 0.176219, 0.047476, 0.949254, 0.175904, 0.043032, 0.052432, 0.944332, 0.954343, 0.172069, 0.180004
0.045962, 0.945553, 0.175731, 0.047505, 0.949234, 0.175870, 0.044742, 0.052432, 0.944332, 0.954343, 0.172069, 0.180004
0.045596, 0.948239, 0.178295, 0.047472, 0.949219, 0.175907, 0.044742, 0.052432, 0.944332, 0.954343, 0.172069, 0.180004
0.049136, 0.947262, 0.175365, 0.047499, 0.949219, 0.175884, 0.044742, 0.052432, 0.944332, 0.954343, 0.172069, 0.180004
0.048160, 0.946408, 0.177074, 0.047518, 0.949207, 0.175913, 0.044742, 0.052432, 0.944332, 0.954343, 0.172069, 0.180004
0.046573, 0.953366, 0.175853, 0.047496, 0.949266, 0.175929, 0.044742, 0.052432, 0.944332, 0.954343, 0.172069, 0.180004
0.043521, 0.949094, 0.175487, 0.047453, 0.949265, 0.175909, 0.043521, 0.052432, 0.944332, 0.954343, 0.172069, 0.180004
0.048404, 0.947507, 0.177806, 0.047461, 0.949200, 0.175909, 0.043521, 0.052432, 0.944332, 0.954343, 0.172069, 0.180004
0.046939, 0.951291, 0.174632, 0.047439, 0.949177, 0.175906, 0.043521, 0.052432, 0.944332, 0.954343, 0.172069, 0.180004
0.046084, 0.948483, 0.176341, 0.047436, 0.949161, 0.175920, 0.043521, 0.052432, 0.944332, 0.954343, 0.172069, 0.180004
0.046939, 0.948483, 0.177318, 0.047403, 0.949158, 0.175931, 0.043521, 0.052432, 0.944332, 0.954343, 0.172069, 0.180004
0.047671, 0.945553, 0.175609, 0.047385, 0.949160, 0.175917, 0.043521, 0.052432, 0.944332, 0.954343, 0.172069, 0.180004
0.044742, 0.948483, 0.177684, 0.047353, 0.949152, 0.175947, 0.043521, 0.052432, 0.944332, 0.954343, 0.172069, 0.180004
0.045596, 0.949826, 0.176097, 0.047337, 0.949149, 0.175923, 0.043521, 0.052432, 0.944332, 0.954343, 0.172069, 0.180004
0.046084, 0.945797, 0.174632, 0.047327, 0.949146, 0.175906, 0.043521, 0.052432, 0.944332, 0.954343, 0.172069, 0.180004
0.044619, 0.956174, 0.174388, 0.047306, 0.949216, 0.175888, 0.043521, 0.052432, 0.944332, 0.956174, 0.172069, 0.180004
0.047427, 0.945431, 0.174754, 0.047311, 0.949161, 0.175863, 0.043521, 0.052432, 0.944332, 0.956174, 0.172069, 0.180004
0.045596, 0.951047, 0.176463, 0.047297, 0.949167, 0.175897, 0.043521, 0.052432, 0.944332, 0.956174, 0.172069, 0.180004
0.044009, 0.947384, 0.173656, 0.047231, 0.949149, 0.175906, 0.043521, 0.052432, 0.944332, 0.956174, 0.172069, 0.180004
0.046817, 0.950070, 0.174632, 0.047204, 0.949151, 0.175874, 0.043521, 0.052432, 0.944332, 0.956174, 0.172069, 0.180004
0.045962, 0.948117, 0.174022, 0.047173, 0.949147, 0.175880, 0.043521, 0.052432, 0.944332, 0.956174, 0.172069, 0.180004
0.044619, 0.950314, 0.174876, 0.047150, 0.949146, 0.175851, 0.043521, 0.052432, 0.944332, 0.956174, 0.172069, 0.180004
0.046939, 0.947507, 0.173900, 0.047145, 0.949145, 0.175842, 0.043521, 0.052432, 0.944332, 0.956174, 0.172069, 0.180004
0.046206, 0.949948, 0.173167, 0.047133, 0.949150, 0.175786, 0.043521, 0.052432, 0.944332, 0.956174, 0.172069, 0.180004
0.048038, 0.950559, 0.172679, 0.047124, 0.949174, 0.175769, 0.043521, 0.052432, 0.944332, 0.956174, 0.172069, 0.180004
0.050113, 0.952756, 0.174632, 0.047162, 0.949258, 0.175765, 0.043521, 0.052432, 0.944821, 0.956174, 0.172069, 0.180004
0.048160, 0.951413, 0.175365, 0.047176, 0.949244, 0.175765, 0.043521, 0.052432, 0.944821, 0.956174, 0.172069, 0.180004
0.048282, 0.949460, 0.175487, 0.047199, 0.949238, 0.175776, 0.043521, 0.052432, 0.944821, 0.956174, 0.172069, 0.180004
0.045108, 0.953244, 0.175609, 0.047183, 0.949272, 0.175755, 0.043521, 0.052432, 0.944821, 0.956174, 0.172069, 0.180004
0.047671, 0.947629, 0.174754, 0.047189, 0.949236, 0.175725, 0.043521, 0.052432, 0.944821, 0.956174, 0.172069, 0.180004
0.048160, 0.948117, 0.177928, 0.047189, 0.949224, 0.175748, 0.043521, 0.052432, 0.944821, 0.956174, 0.172069, 0.180004
0.049991, 0.944943, 0.174876, 0.047240, 0.949178, 0.175761, 0.043521, 0.052432, 0.944821, 0.956174, 0.172069, 0.180004
0.049747, 0.944699, 0.174754, 0.047262, 0.949177, 0.175733, 0.043521, 0.052432, 0.944699, 0.956174, 0.172069, 0.180004
0.043643, 0.947018, 0.177318, 0.047217, 0.949179, 0.175757, 0.043521, 0.052432, 0.944699, 0.956174, 0.172069, 0.180004
0.048404, 0.952512, 0.175975, 0.047212, 0.949217, 0.175765, 0.043521, 0.052432, 0.944699, 0.956174, 0.172069, 0.180004
0.047061, 0.948117, 0.177318, 0.047199, 0.949201, 0.175807, 0.043521, 0.052432, 0.944699, 0.956174, 0.172069, 0.180004
0.047061, 0.946042, 0.174022, 0.047189, 0.949168, 0.175814, 0.043521, 0.052432, 0.944699, 0.956174, 0.172069, 0.180004
0.044497, 0.946896, 0.176463, 0.047173, 0.949147, 0.175829, 0.043521, 0.052432, 0.944699, 0.956174, 0.172069, 0.180004
0.046329, 0.949826, 0.176219, 0.047160, 0.949131, 0.175823, 0.043521, 0.052432, 0.944699, 0.956174, 0.172069, 0.180004
0.051944, 0.946530, 0.174510, 0.047211, 0.949120, 0.175768, 0.043521, 0.052432, 0.944699, 0.956174, 0.172069, 0.179882
0.046817, 0.948972, 0.176463, 0.047228, 0.949108, 0.175796, 0.043521, 0.052432, 0.944699, 0.956174, 0.172069, 0.179882
0.048282, 0.949460, 0.174388, 0.047245, 0.949098, 0.175786, 0.043521, 0.052432, 0.944699, 0.956174, 0.172069, 0.179882
0.047916, 0.948605, 0.175487, 0.047244, 0.949096, 0.175769, 0.043521, 0.052432, 0.944699, 0.956174, 0.172069, 0.179882
0.047671, 0.946774, 0.175365, 0.047251, 0.949064, 0.175749, 0.043521, 0.052432, 0.944699, 0.956174, 0.172069, 0.179882
0.048282, 0.948849, 0.176097, 0.047249, 0.949056, 0.175736, 0.043521, 0.052432, 0.944699, 0.956174, 0.172069, 0.179882
0.048526, 0.948727, 0.174876, 0.047251, 0.949018, 0.175716, 0.043521, 0.052432, 0.944699, 0.956174, 0.172069, 0.179882
0.048282, 0.949826, 0.176097, 0.047264, 0.949020, 0.175733, 0.043521, 0.052432, 0.944699, 0.956174, 0.172069, 0.179882
0.048038, 0.949094, 0.179515, 0.047234, 0.949051, 0.175774, 0.043521, 0.052432, 0.944699, 0.956174, 0.172069, 0.179882
0.046206, 0.947629, 0.175365, 0.047220, 0.949067, 0.175780, 0.043521, 0.052432, 0.944699, 0.956174, 0.172069, 0.179882
0.048770, 0.945920, 0.174022, 0.047237, 0.949003, 0.175752, 0.043521, 0.052432, 0.944699, 0.956174, 0.172069, 0.179882
0.048160, 0.946164, 0.173656, 0.047251, 0.948954, 0.175741, 0.043521, 0.052432, 0.944699, 0.956174, 0.172069, 0.179882
0.047671, 0.945309, 0.175121, 0.047251, 0.948904, 0.175719, 0.043521, 0.052432, 0.944699, 0.956174, 0.172069, 0.179882
0.044742, 0.948972, 0.175243, 0.047231, 0.948901, 0.175729, 0.043521, 0.052432, 0.944699, 0.956174, 0.172069, 0.179882
0.048892, 0.946530, 0.175487, 0.047218, 0.948862, 0.175711, 0.043521, 0.052432, 0.944699, 0.956174, 0.172069, 0.179882
0.045596, 0.953732, 0.176585, 0.047217, 0.948881, 0.175742, 0.043521, 0.052432, 0.944699, 0.956174, 0.172069, 0.179882
0.046084, 0.950314, 0.175609, 0.047205, 0.948913, 0.175755, 0.043521, 0.052432, 0.944699, 0.956174, 0.172069, 0.179882
0.047549, 0.947384, 0.175609, 0.047195, 0.948909, 0.175791, 0.043521, 0.052432, 0.944699, 0.956174, 0.172069, 0.179882
0.046084, 0.948605, 0.173411, 0.047200, 0.948899, 0.175780, 0.043521, 0.052432, 0.944699, 0.956174, 0.172069, 0.179882
0.051700, 0.946652, 0.175975, 0.047250, 0.948907, 0.175769, 0.043521, 0.052432, 0.944699, 0.956174, 0.172069, 0.179882
0.046695, 0.948849, 0.174999, 0.047239, 0.948913, 0.175735, 0.043521, 0.052432, 0.944699, 0.956174, 0.172069, 0.179882
0.047061, 0.952390, 0.177928, 0.047228, 0.948926, 0.175738, 0.043521, 0.052432, 0.944699, 0.956174, 0.172069, 0.179882
0.046451, 0.949582, 0.173411, 0.047212, 0.948904, 0.175694, 0.043521, 0.052432, 0.944699, 0.956174, 0.172069, 0.179882
0.047793, 0.945797, 0.174144, 0.047234, 0.948875, 0.175715, 0.043521, 0.052432, 0.944699, 0.956174, 0.172069, 0.179882
0.048038, 0.950925, 0.176952, 0.047260, 0.948841, 0.175696, 0.043521, 0.052432, 0.944699, 0.956174, 0.172069, 0.179882
0.047183, 0.950803, 0.175975, 0.047281, 0.948870, 0.175697, 0.043521, 0.052432, 0.944699, 0.956174, 0.172069, 0.179882
0.048404, 0.948849, 0.176830, 0.047277, 0.948871, 0.175685, 0.043521, 0.052432, 0.944699, 0.956174, 0.172069, 0.179882
0.047305, 0.951291, 0.176097, 0.047264, 0.948895, 0.175647, 0.043521, 0.052432, 0.944699, 0.956174, 0.172069, 0.179515
0.048282, 0.948605, 0.173411, 0.047265, 0.948891, 0.175616, 0.043521, 0.052432, 0.944699, 0.956174, 0.172069, 0.179515
0.046206, 0.947873, 0.174876, 0.047280, 0.948859, 0.175577, 0.043521, 0.052432, 0.944699, 0.956174, 0.172069, 0.179515
0.046817, 0.948117, 0.174632, 0.047273, 0.948829, 0.175588, 0.043521, 0.052432, 0.944699, 0.956174, 0.172069, 0.179515
0.046695, 0.949216, 0.177562, 0.047280, 0.948832, 0.175621, 0.043521, 0.052432, 0.944699, 0.956174, 0.172069, 0.179515
0.047183, 0.944088, 0.177562, 0.047253, 0.948796, 0.175655, 0.043521, 0.052432, 0.944088, 0.956174, 0.172069, 0.179515
0.047916, 0.949094, 0.177684, 0.047261, 0.948788, 0.175692, 0.043521, 0.052432, 0.944088, 0.956174, 0.172069, 0.179515
0.048038, 0.947140, 0.174510, 0.047262, 0.948758, 0.175692, 0.043521, 0.052432, 0.944088, 0.956174, 0.172069, 0.179515
0.049258, 0.949582, 0.175487, 0.047281, 0.948771, 0.175700, 0.043521, 0.052432, 0.944088, 0.956174, 0.172069, 0.179515
0.049014, 0.950559, 0.174632, 0.047304, 0.948760, 0.175669, 0.043521, 0.052432, 0.944088, 0.956174, 0.172069, 0.179515
0.048282, 0.947384, 0.174266, 0.047300, 0.948747, 0.175641, 0.043521, 0.052432, 0.944088, 0.956174, 0.172069, 0.179515
0.046329, 0.949704, 0.175487, 0.047311, 0.948752, 0.175630, 0.043521, 0.052432, 0.944088, 0.956174, 0.172069, 0.179515
0.049380, 0.949338, 0.175487, 0.047350, 0.948748, 0.175627, 0.043521, 0.052432, 0.944088, 0.956174, 0.172069, 0.179515
0.049991, 0.948605, 0.176219, 0.047374, 0.948769, 0.175647, 0.043521, 0.052432, 0.944088, 0.956174, 0.172069, 0.179515
0.046451, 0.954831, 0.177440, 0.047364, 0.948793, 0.175649, 0.043521, 0.052432, 0.944088, 0.956174, 0.172069, 0.179515
0.049991, 0.949704, 0.175365, 0.047388, 0.948786, 0.175643, 0.043521, 0.052432, 0.944088, 0.956174, 0.172069, 0.179515
0.049991, 0.949460, 0.175487, 0.047406, 0.948770, 0.175637, 0.043521, 0.052432, 0.944088, 0.956174, 0.172069, 0.179515
0.048526, 0.947140, 0.174510, 0.047409, 0.948782, 0.175641, 0.043521, 0.052432, 0.944088, 0.956174, 0.172069, 0.179515
0.046329, 0.949948, 0.172679, 0.047394, 0.948775, 0.175612, 0.043521, 0.052432, 0.944088, 0.956174, 0.172069, 0.179515
0.046695, 0.949338, 0.174510, 0.047394, 0.948760, 0.175584, 0.043521, 0.052432, 0.944088, 0.956174, 0.172069, 0.179515
0.046206, 0.951901, 0.176219, 0.047394, 0.948781, 0.175594, 0.043521, 0.052432, 0.944088, 0.956174, 0.172069, 0.179515
0.050479, 0.950803, 0.175243, 0.047398, 0.948820, 0.175561, 0.043521, 0.052432, 0.944088, 0.956174, 0.172069, 0.179515
0.045596, 0.948361, 0.174388, 0.047376, 0.948802, 0.175566, 0.043521, 0.052432, 0.944088, 0.956174, 0.172069, 0.179515
0.046206, 0.950681, 0.176463, 0.047371, 0.948814, 0.175555, 0.043521, 0.052432, 0.944088, 0.956174, 0.172069, 0.179515
0.048404, 0.947629, 0.175365, 0.047386, 0.948804, 0.175517, 0.043521, 0.052432, 0.944088, 0.956174, 0.172069, 0.179515
0.048770, 0.948727, 0.177074, 0.047392, 0.948831, 0.175522, 0.043521, 0.052432, 0.944088, 0.956174, 0.172069, 0.179515
0.045962, 0.949216, 0.173900, 0.047371, 0.948856, 0.175481, 0.043521, 0.052432, 0.944088, 0.956174, 0.172069, 0.179515
0.045596, 0.947384, 0.175731, 0.047359, 0.948830, 0.175453, 0.043521, 0.052432, 0.944088, 0.956174, 0.172069, 0.179515
0.045352, 0.947995, 0.174754, 0.047339, 0.948846, 0.175464, 0.043521, 0.052432, 0.944088, 0.956174, 0.172069, 0.179515
0.046817, 0.951169, 0.175853, 0.047339, 0.948882, 0.175462, 0.043521, 0.052432, 0.944088, 0.956174, 0.172069, 0.179515
0.047061, 0.946774, 0.175609, 0.047326, 0.948854, 0.175465, 0.043521, 0.052432, 0.944088, 0.956174, 0.172069, 0.179515
0.048526, 0.949460, 0.175609, 0.047338, 0.948841, 0.175500, 0.043521, 0.052432, 0.944088, 0.956174, 0.172679, 0.179515
0.046695, 0.949704, 0.176219, 0.047328, 0.948829, 0.175505, 0.043521, 0.052432, 0.944088, 0.956174, 0.172679, 0.179515
0.046451, 0.950559, 0.177196, 0.047339, 0.948849, 0.175540, 0.043521, 0.052432, 0.944088, 0.956174, 0.172679, 0.179515
0.047549, 0.950681, 0.174999, 0.047291, 0.948879, 0.175528, 0.043521, 0.051944, 0.944088, 0.956174, 0.172679, 0.179515
0.042788, 0.948727, 0.174388, 0.047259, 0.948910, 0.175515, 0.042788, 0.051944, 0.944088, 0.956174, 0.172679, 0.179515
0.047061, 0.947751, 0.176585, 0.047273, 0.948906, 0.175498, 0.042788, 0.051944, 0.944088, 0.956174, 0.172679, 0.179515
0.046451, 0.947140, 0.175487, 0.047247, 0.948904, 0.175499, 0.042788, 0.051944, 0.944088, 0.956174, 0.172679, 0.179515
0.047061, 0.945309, 0.174510, 0.047236, 0.948893, 0.175473, 0.042788, 0.051944, 0.944088, 0.956174, 0.172679, 0.179515
0.050601, 0.948849, 0.174510, 0.047276, 0.948848, 0.175460, 0.042788, 0.051944, 0.944088, 0.956174, 0.172679, 0.179515
0.048038, 0.951779, 0.178295, 0.047321, 0.948875, 0.175488, 0.042788, 0.051944, 0.944088, 0.956174, 0.172679, 0.179515
0.047671, 0.949338, 0.175731, 0.047314, 0.948893, 0.175467, 0.042788, 0.051944, 0.944088, 0.956174, 0.172679, 0.179515
0.047793, 0.948727, 0.175487, 0.047322, 0.948868, 0.175476, 0.042788, 0.051944, 0.944088, 0.956174, 0.172679, 0.179515
0.045108, 0.950070, 0.173900, 0.047312, 0.948884, 0.175451, 0.042788, 0.051944, 0.944088, 0.956174, 0.172679, 0.179515
0.045474, 0.950192, 0.171580, 0.047298, 0.948901, 0.175394, 0.042788, 0.051944, 0.944088, 0.956174, 0.171580, 0.179515
0.045840, 0.948972, 0.173167, 0.047280, 0.948935, 0.175370, 0.042788, 0.051944, 0.944088, 0.956174, 0.171580, 0.179515
0.046084, 0.946530, 0.176708, 0.047293, 0.948915, 0.175360, 0.042788, 0.051944, 0.944088, 0.956174, 0.171580, 0.179515
0.044131, 0.949460, 0.175487, 0.047278, 0.948912, 0.175354, 0.042788, 0.051944, 0.944088, 0.956174, 0.171580, 0.179515
0.043887, 0.948727, 0.173778, 0.047256, 0.948941, 0.175345, 0.042788, 0.051944, 0.944088, 0.956174, 0.171580, 0.179515
0.047183, 0.946896, 0.171947, 0.047282, 0.948848, 0.175321, 0.042788, 0.051944, 0.944088, 0.954831, 0.171580, 0.179515
0.047183, 0.952268, 0.175975, 0.047280, 0.948917, 0.175333, 0.042788, 0.051944, 0.944088, 0.954831, 0.171580, 0.179515
0.050357, 0.951779, 0.177928, 0.047327, 0.948924, 0.175348, 0.042788, 0.051944, 0.944088, 0.954831, 0.171580, 0.179515
0.048648, 0.949582, 0.178539, 0.047374, 0.948946, 0.175396, 0.042788, 0.051944, 0.944088, 0.954831, 0.171580, 0.179515
0.050479, 0.951047, 0.173656, 0.047410, 0.948956, 0.175387, 0.042788, 0.051944, 0.944088, 0.954831, 0.171580, 0.179515
0.045596, 0.947873, 0.175243, 0.047406, 0.948953, 0.175399, 0.042788, 0.051944, 0.944088, 0.954831, 0.171580, 0.179515
0.046817, 0.947873, 0.175487, 0.047428, 0.948929, 0.175405, 0.042788, 0.051944, 0.944088, 0.954831, 0.171580, 0.179515
0.045962, 0.950559, 0.176219, 0.047419, 0.948959, 0.175428, 0.042788, 0.051944, 0.944088, 0.954831, 0.171580, 0.179515
0.045474, 0.948972, 0.177318, 0.047411, 0.948950, 0.175470, 0.042788, 0.051944, 0.944088, 0.954831, 0.171580, 0.179515
0.044742, 0.951535, 0.176341, 0.047378, 0.948959, 0.175506, 0.042788, 0.051944, 0.944088, 0.954831, 0.171580, 0.179515
0.044253, 0.946408, 0.174754, 0.047320, 0.948896, 0.175508, 0.042788, 0.051944, 0.944088, 0.954831, 0.171580, 0.179515
0.048526, 0.951413, 0.176585, 0.047323, 0.948896, 0.175520, 0.042788, 0.051944, 0.944088, 0.954831, 0.171580, 0.179515
0.047549, 0.948239, 0.175243, 0.047316, 0.948884, 0.175517, 0.042788, 0.051944, 0.944088, 0.954831, 0.171580, 0.179515
0.047916, 0.949826, 0.178172, 0.047344, 0.948849, 0.175543, 0.042788, 0.051944, 0.944088, 0.954831, 0.171580, 0.179515
0.048526, 0.949460, 0.177928, 0.047353, 0.948868, 0.175575, 0.042788, 0.051944, 0.944088, 0.954831, 0.171580, 0.179515
0.048282, 0.945431, 0.179027, 0.047354, 0.948841, 0.175586, 0.042788, 0.051944, 0.944088, 0.954831, 0.171580, 0.179515
0.044864, 0.946286, 0.175487, 0.047303, 0.948854, 0.175592, 0.042788, 0.051944, 0.944088, 0.954831, 0.171580, 0.179515
0.046817, 0.948483, 0.175853, 0.047273, 0.948892, 0.175603, 0.042788, 0.051944, 0.944088, 0.954831, 0.171580, 0.179515
0.140084, 1.023927, 0.184032, 0.048238, 0.949661, 0.175670, 0.042788, 0.140084, 0.944088, 1.023927, 0.171580, 0.184032
-0.016542, 0.839224, 0.160471, 0.047588, 0.948528, 0.175515, -0.016542, 0.140084, 0.839224, 1.023927, 0.160471, 0.184032
0.097967, 0.975584, 0.153757, 0.048097, 0.948803, 0.175279, -0.016542, 0.140084, 0.839224, 1.023927, 0.153757, 0.184032
0.042300, 0.944577, 0.164622, 0.048050, 0.948788, 0.175185, -0.016542, 0.140084, 0.839224, 1.023927, 0.153757, 0.184032
0.040103, 0.940426, 0.179637, 0.048006, 0.948724, 0.175217, -0.016542, 0.140084, 0.839224, 1.023927, 0.153757, 0.184032
0.055118, 0.956052, 0.174754, 0.048094, 0.948786, 0.175202, -0.016542, 0.140084, 0.839224, 1.023927, 0.153757, 0.184032
0.042910, 0.946286, 0.187450, 0.048003, 0.948784, 0.175332, -0.016542, 0.140084, 0.839224, 1.023927, 0.153757, 0.187450
0.058170, 0.956296, 0.179271, 0.048117, 0.948857, 0.175360, -0.016542, 0.140084, 0.839224, 1.023927, 0.153757, 0.187450
0.047061, 0.954587, 0.178783, 0.048105, 0.948908, 0.175404, -0.016542, 0.140084, 0.839224, 1.023927, 0.153757, 0.187450
0.043887, 0.946408, 0.178172, 0.048064, 0.948886, 0.175431, -0.016542, 0.140084, 0.839224, 1.023927, 0.153757, 0.187450
0.053409, 0.947629, 0.175853, 0.048122, 0.948895, 0.175435, -0.016542, 0.140084, 0.839224, 1.023927, 0.153757, 0.187450
0.034731, 0.958249, 0.177562, 0.047986, 0.948989, 0.175450, -0.016542, 0.140084, 0.839224, 1.023927, 0.153757, 0.187450
0.055484, 0.945797, 0.181224, 0.048056, 0.948959, 0.175514, -0.016542, 0.140084, 0.839224, 1.023927, 0.153757, 0.187450
0.052432, 0.956174, 0.179637, 0.048097, 0.949023, 0.175549, -0.016542, 0.140084, 0.839224, 1.023927, 0.153757, 0.187450
0.054874, 0.945309, 0.176463, 0.048166, 0.948985, 0.175519, -0.016542, 0.140084, 0.839224, 1.023927, 0.153757, 0.187450
0.052310, 0.950070, 0.182934, 0.048227, 0.949009, 0.175594, -0.016542, 0.140084, 0.839224, 1.023927, 0.153757, 0.187450
0.039614, 0.950681, 0.170726, 0.048135, 0.949057, 0.175561, -0.016542, 0.140084, 0.839224, 1.023927, 0.153757, 0.187450
0.053531, 0.943600, 0.175975, 0.048189, 0.949031, 0.175584, -0.016542, 0.140084, 0.839224, 1.023927, 0.153757, 0.187450
0.042056, 0.956174, 0.178661, 0.048133, 0.949140, 0.175620, -0.016542, 0.140084, 0.839224, 1.023927, 0.153757, 0.187450
0.045230, 0.952634, 0.175243, 0.048138, 0.949177, 0.175620, -0.016542, 0.140084, 0.839224, 1.023927, 0.153757, 0.187450
0.047793, 0.953855, 0.176830, 0.048127, 0.949250, 0.175633, -0.016542, 0.140084, 0.839224, 1.023927, 0.153757, 0.187450
0.045962, 0.950681, 0.173167, 0.048130, 0.949219, 0.175599, -0.016542, 0.140084, 0.839224, 1.023927, 0.153757, 0.187450
0.056339, 0.946530, 0.176341, 0.048233, 0.949181, 0.175606, -0.016542, 0.140084, 0.839224, 1.023927, 0.153757, 0.187450
0.044619, 0.950925, 0.179027, 0.048204, 0.949217, 0.175641, -0.016542, 0.140084, 0.839224, 1.023927, 0.153757, 0.187450
0.049136, 0.948605, 0.173167, 0.048234, 0.949217, 0.175638, -0.016542, 0.140084, 0.839224, 1.023927, 0.153757, 0.187450
0.044253, 0.952145, 0.176341, 0.048160, 0.949272, 0.175642, -0.016542, 0.140084, 0.839224, 1.023927, 0.153757, 0.187450
0.047793, 0.950314, 0.177074, 0.048171, 0.949286, 0.175663, -0.016542, 0.140084, 0.839224, 1.023927, 0.153757, 0.187450
0.051090, 0.944088, 0.179515, 0.048211, 0.949203, 0.175678, -0.016542, 0.140084, 0.839224, 1.023927, 0.153757, 0.187450
0.042056, 0.954221, 0.173778, 0.048167, 0.949250, 0.175682, -0.016542, 0.140084, 0.839224, 1.023927, 0.153757, 0.187450
0.047549, 0.954343, 0.178172, 0.048165, 0.949335, 0.175722, -0.016542, 0.140084, 0.839224, 1.023927, 0.153757, 0.187450
0.048892, 0.948605, 0.176830, 0.048173, 0.949312, 0.175721, -0.016542, 0.140084, 0.839224, 1.023927, 0.153757, 0.187450
0.046939, 0.948849, 0.175731, 0.048171, 0.949293, 0.175719, -0.016542, 0.140084, 0.839224, 1.023927, 0.153757, 0.187450
0.047549, 0.948727, 0.175975, 0.048162, 0.949291, 0.175710, -0.016542, 0.140084, 0.839224, 1.023927, 0.153757, 0.187450
0.042666, 0.950436, 0.176708, 0.048116, 0.949283, 0.175716, -0.016542, 0.140084, 0.839224, 1.023927, 0.153757, 0.187450
0.049869, 0.948849, 0.175731, 0.048132, 0.949285, 0.175739, -0.016542, 0.140084, 0.839224, 1.023927, 0.153757, 0.187450
0.044009, 0.947751, 0.175365, 0.048110, 0.949284, 0.175744, -0.016542, 0.140084, 0.839224, 1.023927, 0.153757, 0.187450
0.041567, 0.952512, 0.174632, 0.048057, 0.949328, 0.175744, -0.016542, 0.140084, 0.839224, 1.023927, 0.153757, 0.187450
0.050845, 0.944332, 0.175609, 0.048099, 0.949279, 0.175725, -0.016542, 0.140084, 0.839224, 1.023927, 0.153757, 0.187450
0.047061, 0.954953, 0.180004, 0.048097, 0.949388, 0.175749, -0.016542, 0.140084, 0.839224, 1.023927, 0.153757, 0.187450
0.050601, 0.949460, 0.174876, 0.048124, 0.949391, 0.175721, -0.016542, 0.140084, 0.839224, 1.023927, 0.153757, 0.187450
0.044497, 0.948972, 0.178172, 0.048089, 0.949410, 0.175758, -0.016542, 0.140084, 0.839224, 1.023927, 0.153757, 0.187450
0.048404, 0.952023, 0.175487, 0.048080, 0.949434, 0.175758, -0.016542, 0.140084, 0.839224, 1.023927, 0.153757, 0.187450
0.047549, 0.948972, 0.176097, 0.048066, 0.949418, 0.175772, -0.016542, 0.140084, 0.839224, 1.023927, 0.153757, 0.187450
0.045840, 0.948972, 0.178417, 0.048041, 0.949434, 0.175814, -0.016542, 0.140084, 0.839224, 1.023927, 0.153757, 0.187450
0.047549, 0.950925, 0.175975, 0.048053, 0.949446, 0.175819, -0.016542, 0.140084, 0.839224, 1.023927, 0.153757, 0.187450
0.047671, 0.950314, 0.176952, 0.048036, 0.949456, 0.175833, -0.016542, 0.140084, 0.839224, 1.023927, 0.153757, 0.187450
0.048526, 0.950070, 0.177074, 0.048022, 0.949471, 0.175842, -0.016542, 0.140084, 0.839224, 1.023927, 0.153757, 0.187450
0.045596, 0.951779, 0.171336, 0.048013, 0.949440, 0.175781, -0.016542, 0.140084, 0.839224, 1.023927, 0.153757, 0.187450
0.047671, 0.948605, 0.175243, 0.047990, 0.949429, 0.175780, -0.016542, 0.140084, 0.839224, 1.023927, 0.153757, 0.187450
0.047916, 0.950436, 0.178539, 0.047969, 0.949439, 0.175810, -0.016542, 0.140084, 0.839224, 1.023927, 0.153757, 0.187450
0.046329, 0.953244, 0.174510, 0.047947, 0.949500, 0.175810, -0.016542, 0.140084, 0.839224, 1.023927, 0.153757, 0.187450
0.047305, 0.947018, 0.173289, 0.047957, 0.949471, 0.175816, -0.016542, 0.140084, 0.839224, 1.023927, 0.153757, 0.187450
0.047427, 0.948605, 0.174510, 0.047964, 0.949463, 0.175816, -0.016542, 0.140084, 0.839224, 1.023927, 0.153757, 0.187450
0.046206, 0.952268, 0.178172, 0.047964, 0.949467, 0.175836, -0.016542, 0.140084, 0.839224, 1.023927, 0.153757, 0.187450
0.048526, 0.949582, 0.176463, 0.047945, 0.949455, 0.175848, -0.016542, 0.140084, 0.839224, 1.023927, 0.153757, 0.187450
0.049747, 0.951291, 0.177440, 0.047986, 0.949484, 0.175879, -0.016542, 0.140084, 0.839224, 1.023927, 0.153757, 0.187450
0.052432, 0.950681, 0.174388, 0.048049, 0.949484, 0.175858, -0.016542, 0.140084, 0.839224, 1.023927, 0.153757, 0.187450
0.048770, 0.950803, 0.175365, 0.048052, 0.949516, 0.175858, -0.016542, 0.140084, 0.839224, 1.023927, 0.153757, 0.187450
0.048648, 0.949704, 0.171580, 0.048051, 0.949526, 0.175803, -0.016542, 0.140084, 0.839224, 1.023927, 0.153757, 0.187450
0.046206, 0.944332, 0.175609, 0.048053, 0.949477, 0.175820, -0.016542, 0.140084, 0.839224, 1.023927, 0.153757, 0.187450
0.047183, 0.949582, 0.177318, 0.048069, 0.949499, 0.175836, -0.016542, 0.140084, 0.839224, 1.023927, 0.153757, 0.187450
0.046451, 0.949948, 0.177806, 0.048080, 0.949518, 0.175866, -0.016542, 0.140084, 0.839224, 1.023927, 0.153757, 0.187450
0.046084, 0.949948, 0.175243, 0.048073, 0.949506, 0.175860, -0.016542, 0.140084, 0.839224, 1.023927, 0.153757, 0.187450
0.048160, 0.946896, 0.173656, 0.048084, 0.949507, 0.175841, -0.016542, 0.140084, 0.839224, 1.023927, 0.153757, 0.187450
0.050113, 0.946286, 0.169993, 0.048100, 0.949476, 0.175785, -0.016542, 0.140084, 0.839224, 1.023927, 0.153757, 0.187450
0.049136, 0.953122, 0.173411, 0.048124, 0.949510, 0.175757, -0.016542, 0.140084, 0.839224, 1.023927, 0.153757, 0.187450
0.046573, 0.951047, 0.178783, 0.048125, 0.949515, 0.175772, -0.016542, 0.140084, 0.839224, 1.023927, 0.153757, 0.187450
0.047671, 0.950192, 0.176097, 0.048127, 0.949510, 0.175783, -0.016542, 0.140084, 0.839224, 1.023927, 0.153757, 0.187450
0.046939, 0.947873, 0.176952, 0.048168, 0.949501, 0.175809, -0.016542, 0.140084, 0.839224, 1.023927, 0.153757, 0.187450
0.048648, 0.945797, 0.178661, 0.048184, 0.949482, 0.175830, -0.016542, 0.140084, 0.839224, 1.023927, 0.153757, 0.187450
0.046817, 0.942746, 0.175243, 0.048188, 0.949438, 0.175827, -0.016542, 0.140084, 0.839224, 1.023927, 0.153757, 0.187450
0.047061, 0.947507, 0.173656, 0.048188, 0.949460, 0.175819, -0.016542, 0.140084, 0.839224, 1.023927, 0.153757, 0.187450
